YKL154W	YDL192W	YMR138W	YOR094W	YBR164C	YHR022C	YOR185C	YLR293C	YFL005W	YCR027C	YFL038C	YBR264C	YKR014C	YNL093W	YNL090W	YOR089C	aln
33	13	11	13	13	19	10	9	17	9	5	1	0	9	4	4	33
34	14	12	14	14	20	11	10	18	10	6	2	1	10	5	5	34
37	16	15	16	17	21	12	11	19	11	7	3	2	11	6	6	37
38	17	16	17	18	22	13	12	20	12	8	4	3	12	7	7	38
39	18	17	18	19	23	14	13	21	17	9	5	4	13	8	8	43
40	19	18	19	20	24	15	14	22	18	10	6	5	14	9	9	44
41	20	19	20	21	25	16	15	23	19	11	7	6	15	10	10	45
42	21	20	21	22	26	17	16	24	20	12	8	7	16	11	11	46
43	22	21	22	23	27	18	17	25	21	13	9	8	17	12	12	47
44	23	22	23	24	28	19	18	26	22	14	10	9	18	13	13	48
45	24	23	24	25	29	20	19	27	23	15	11	10	19	14	14	49
46	25	24	25	26	30	21	20	28	24	16	12	11	20	15	15	50
47	26	25	26	27	31	22	21	29	25	17	13	12	21	16	16	51
48	27	26	27	28	32	23	22	30	26	18	14	13	22	17	17	52
49	28	27	28	29	33	24	23	31	27	19	15	14	23	18	18	53
50	29	28	29	30	34	25	24	32	28	20	16	15	24	19	19	54
51	30	29	30	31	35	26	25	33	29	21	17	16	25	20	20	55
52	31	30	31	32	36	27	26	34	30	22	18	17	26	21	21	56
53	32	31	32	33	37	28	27	35	31	23	19	18	27	22	22	57
54	33	32	33	34	38	29	28	36	32	24	20	19	28	23	23	58
55	34	33	34	35	39	30	29	37	33	25	21	20	29	24	24	59
56	35	34	35	36	40	31	30	38	34	26	22	21	30	25	25	60
57	36	35	36	37	41	32	31	39	35	27	23	22	31	26	26	61
58	37	36	37	38	42	33	32	40	36	28	24	23	32	27	27	62
59	38	37	38	39	43	34	33	41	37	29	25	24	33	28	28	63
68	43	42	43	44	95	44	43	50	47	39	35	34	43	38	38	119
70	51	53	51	52	100	46	45	52	48	41	37	36	45	40	40	132
71	52	54	52	53	101	47	46	54	49	42	38	37	46	41	41	134
72	53	55	53	54	102	48	47	55	50	43	39	38	47	42	42	135
73	54	56	54	55	103	49	48	56	51	44	40	39	48	43	43	136
74	55	57	55	56	104	50	49	57	52	45	41	40	49	44	44	137
75	56	58	56	57	105	51	50	58	53	46	42	41	50	45	45	138
77	57	59	57	58	106	52	51	59	54	47	43	42	51	46	46	140
79	58	60	58	59	107	53	52	60	55	48	44	43	52	47	47	142
81	59	61	59	60	123	62	61	69	64	57	59	60	61	55	56	167
82	60	62	60	61	124	63	62	70	65	58	60	61	62	56	57	168
83	61	63	61	62	125	64	63	71	66	59	61	62	63	57	58	169
84	62	64	62	63	126	65	64	72	67	60	62	63	64	58	59	170
85	63	65	63	64	127	66	65	73	68	61	63	64	65	59	60	171
86	64	66	64	65	128	67	66	74	69	62	64	65	66	60	61	172
87	65	67	65	66	129	68	67	75	70	63	65	66	67	61	62	173
88	66	68	66	67	130	69	68	78	73	66	68	67	68	62	63	176
89	67	69	67	68	131	70	69	79	74	67	69	68	69	63	64	177
92	71	71	69	72	134	73	72	81	76	69	71	71	72	66	67	181
95	74	76	74	75	138	76	75	83	78	71	73	74	75	69	70	188
96	76	78	76	77	140	77	76	84	79	72	74	75	76	70	71	190
97	77	79	77	78	141	78	77	85	80	73	75	76	77	71	72	191
98	78	80	78	79	142	79	78	86	81	74	76	77	78	72	73	192
99	79	81	79	80	143	80	79	87	82	75	77	78	79	73	74	193
100	80	82	80	81	144	81	80	88	83	76	78	79	80	74	75	194
101	81	83	81	82	145	82	81	89	84	77	79	80	81	75	76	195
102	82	84	82	83	146	83	82	90	85	78	80	81	82	76	77	196
104	83	85	83	84	147	84	83	91	86	79	81	82	83	77	78	198
108	84	86	84	85	148	85	84	92	87	80	82	83	84	78	79	202
109	85	87	85	86	149	86	85	93	88	81	83	84	85	79	80	203
110	86	88	86	87	150	87	86	94	89	82	84	85	86	80	81	204
111	87	89	87	88	151	88	87	95	90	83	85	86	87	81	82	205
112	88	90	88	89	152	89	88	96	91	84	86	87	88	82	83	206
113	89	91	89	90	153	90	89	97	92	85	87	88	89	83	84	207
114	90	92	90	91	154	91	90	98	93	86	88	89	90	84	85	208
115	91	93	91	92	155	92	91	99	94	87	89	90	91	85	86	209
116	92	94	92	93	156	93	92	100	95	88	90	91	92	86	87	210
117	93	95	93	94	157	94	93	101	96	89	91	92	93	87	88	211
118	94	96	94	95	158	95	94	102	97	90	92	93	94	88	89	212
119	95	97	95	96	159	96	95	103	98	91	93	94	95	89	90	213
120	96	98	96	97	160	97	96	104	99	92	94	95	96	90	91	214
123	97	99	97	98	161	98	97	105	100	93	95	96	97	91	92	217
124	99	101	99	100	163	100	99	107	102	95	97	98	99	93	94	219
125	100	102	100	101	164	101	100	108	103	96	98	99	100	94	95	220
126	101	103	101	102	165	102	101	109	104	97	99	100	101	95	96	221
127	102	104	102	103	166	103	102	110	105	98	100	101	102	96	97	222
128	103	105	103	104	167	104	103	111	106	99	101	102	103	97	98	223
129	104	106	104	105	168	105	104	112	108	100	102	103	104	99	99	225
130	105	107	105	106	169	106	105	113	109	101	103	104	105	100	100	226
131	106	108	106	107	170	107	106	114	110	102	104	105	106	101	101	227
132	107	109	107	108	171	108	107	115	111	103	105	106	107	102	102	228
133	108	110	108	109	172	109	108	116	112	104	106	107	108	103	103	229
134	109	111	109	110	173	110	109	117	113	105	107	108	109	104	104	230
135	110	112	110	111	174	111	110	118	114	106	108	109	110	105	105	231
136	111	113	111	112	177	112	111	119	115	107	109	110	111	106	106	234
137	112	114	112	113	179	113	112	120	116	108	110	111	112	107	107	236
141	115	117	115	116	181	114	113	122	118	110	112	113	114	109	109	241
145	117	120	117	118	183	116	115	124	120	112	113	115	116	110	111	246
146	118	123	118	119	184	117	116	125	121	113	114	117	117	111	112	249
147	119	124	119	120	185	118	117	126	122	114	115	118	118	112	113	250
148	120	125	120	121	186	119	118	127	123	115	116	119	119	113	114	251
149	121	126	121	122	187	120	119	128	124	116	117	120	120	114	115	252
150	122	127	122	123	188	121	120	129	125	117	118	121	121	115	116	253
151	123	128	123	124	189	122	121	130	126	118	119	122	122	116	117	254
152	124	129	124	125	190	123	122	131	127	119	120	123	123	117	118	255
153	125	130	125	126	191	124	123	132	128	120	121	124	124	118	119	256
154	126	131	126	127	192	125	124	133	129	121	122	125	125	119	120	257
155	127	132	127	128	193	126	125	134	130	122	123	126	126	120	121	258
156	128	133	128	129	194	127	126	135	131	123	124	127	127	121	122	259
158	130	134	130	131	196	129	128	137	134	126	127	132	130	125	126	264
160	132	135	132	133	199	131	130	139	141	128	130	148	138	131	130	283
161	133	136	133	134	201	133	132	141	143	130	132	154	140	137	132	290
162	134	137	134	135	202	134	133	142	144	131	133	155	141	138	133	291
163	135	138	135	136	203	135	134	143	145	132	134	156	142	139	134	292
164	136	139	136	137	204	136	135	144	146	133	135	157	143	140	135	293
165	137	140	137	138	205	137	136	145	147	134	136	158	144	141	136	294
166	138	141	138	139	206	138	137	146	148	135	137	159	145	142	137	295
168	140	143	140	141	208	139	138	148	150	137	139	161	147	144	139	297
173	143	146	143	144	209	140	139	149	151	138	140	162	148	145	140	302
213	144	147	144	145	210	141	140	150	152	139	141	163	149	146	141	342
217	150	159	150	150	214	144	143	154	156	143	142	167	153	151	145	354
220	152	162	153	153	220	146	145	155	164	144	143	168	154	152	146	366
221	153	163	154	154	221	147	146	156	165	145	144	169	155	153	147	367
222	154	164	155	155	222	148	147	157	166	146	145	170	156	154	148	368
223	155	165	156	156	223	149	148	158	167	147	146	171	157	155	149	369
224	156	166	157	157	224	150	149	159	168	148	147	172	158	156	150	370
225	157	167	158	158	225	151	150	160	169	149	148	173	159	157	151	371
226	158	168	159	159	226	152	151	161	170	150	149	174	160	158	152	372
227	159	169	160	160	227	153	152	162	171	151	150	175	161	159	153	373
228	160	170	161	161	228	154	153	163	172	152	151	176	162	160	154	374
229	161	171	162	162	229	155	154	164	173	153	152	177	163	161	155	375
230	162	172	163	163	230	156	155	165	174	154	153	178	164	162	156	376
231	163	173	164	164	231	157	156	166	175	155	154	179	165	163	157	377
232	164	174	165	165	232	158	157	167	176	156	155	180	166	164	158	378
235	165	175	166	166	233	159	158	168	177	157	156	181	167	165	159	381
236	166	176	167	167	234	160	159	169	178	158	157	182	168	166	160	382
237	167	177	168	168	235	161	160	170	179	159	158	183	169	167	161	383
238	168	178	169	169	236	162	161	171	180	160	159	184	170	168	162	384
239	169	179	170	170	237	163	162	172	181	161	160	185	171	169	163	385
240	170	180	171	171	238	164	163	173	182	162	161	186	172	171	164	387
241	171	181	172	172	239	165	164	174	183	163	162	187	173	172	165	388
242	172	182	173	173	240	166	165	175	184	164	163	188	174	173	166	389
243	173	183	174	174	241	167	166	176	185	165	164	189	175	174	167	390
