clustID	pdb	dist_res	dist_aa	N
1	YOR089C	0.8058076500892639	0.6453320980072021	11
1	YNL093W	0.8098238110542297	0.6589417457580566	11
1	YFL038C	0.9269846081733704	0.652670681476593	11
1	YDL192W	0.6822293996810913	0.6239610314369202	11
1	YFL005W	0.9588165879249573	0.61976158618927	11
1	YKR014C	0.7372710704803467	0.6592684388160706	11
1	YOR094W	0.6766772270202637	0.6373096704483032	11
1	YHR022C	0.8280696868896484	0.630553126335144	11
1	YCR027C	0.9750450253486633	0.6554846167564392	11
1	YKL154W	0.8167819380760193	0.665567934513092	11
1	YBR264C	0.9680191278457642	0.6539155840873718	11
1	YLR293C	0.759077250957489	0.6444474458694458	11
1	YOR185C	0.7700939774513245	0.657823920249939	11
1	YBR164C	0.6671114563941956	0.6208397746086121	11
1	YNL090W	0.817095160484314	0.6565423607826233	11
1	YMR138W	0.7707808017730713	0.6631884574890137	11
0	YOR089C	0.6995864510536194	0.6814301609992981	9
0	YNL093W	0.6886122226715088	0.6660012602806091	9
0	YFL038C	0.7370119094848633	0.6809451580047607	9
0	YDL192W	0.6900012493133545	0.6811013221740723	9
0	YFL005W	0.743079423904419	0.6842713356018066	9
0	YKR014C	0.6846673488616943	0.6747561097145081	9
0	YOR094W	0.6941558718681335	0.6667256355285645	9
0	YHR022C	0.7002051472663879	0.673907995223999	9
0	YCR027C	0.7369211912155151	0.6849965453147888	9
0	YKL154W	0.6745801568031311	0.6542995572090149	9
0	YBR264C	0.7853953838348389	0.6922370195388794	9
0	YLR293C	0.6565752029418945	0.6683738231658936	9
0	YOR185C	0.6627814173698425	0.6624404788017273	9
0	YBR164C	0.6718051433563232	0.6735879778862	9
0	YNL090W	0.6603733897209167	0.6777423620223999	9
0	YMR138W	0.7240501642227173	0.651642918586731	9
2	YOR089C	1.1029932498931885	0.4847727119922638	6
2	YNL093W	1.2335923910140991	0.49885162711143494	6
2	YFL038C	1.2041689157485962	0.5183854103088379	6
2	YDL192W	1.1762771606445312	0.5209835767745972	6
2	YFL005W	1.069127082824707	0.5410693883895874	6
2	YKR014C	1.0736712217330933	0.5059767961502075	6
2	YOR094W	1.082297921180725	0.49266183376312256	6
2	YHR022C	1.2193951606750488	0.4972228705883026	6
2	YCR027C	1.173251986503601	0.5297794342041016	6
2	YKL154W	1.209648609161377	0.5034414529800415	6
2	YBR264C	1.222704291343689	0.5296996235847473	6
2	YLR293C	1.192980408668518	0.5515179634094238	6
2	YOR185C	1.164554476737976	0.5203408598899841	6
2	YBR164C	1.1150742769241333	0.47958552837371826	6
2	YNL090W	1.0525704622268677	0.48668327927589417	6
2	YMR138W	1.21052885055542	0.5067062377929688	6
3	YOR089C	1.1040325164794922	0.7907378673553467	5
3	YNL093W	1.1201279163360596	0.8043460845947266	5
3	YFL038C	1.1643569469451904	0.8403113484382629	5
3	YDL192W	1.2859312295913696	0.8216300010681152	5
3	YFL005W	1.093051791191101	0.8129417300224304	5
3	YKR014C	1.1036999225616455	0.8035456538200378	5
3	YOR094W	1.3734819889068604	0.8523670434951782	5
3	YHR022C	1.27139413356781	0.8614468574523926	5
3	YCR027C	1.326775312423706	0.8945132493972778	5
3	YKL154W	1.3298479318618774	0.8486289978027344	5
3	YBR264C	1.2653039693832397	0.8441001176834106	5
3	YLR293C	1.2269678115844727	0.8654237985610962	5
3	YOR185C	1.2293142080307007	0.8079357147216797	5
3	YBR164C	1.3594900369644165	0.8396676182746887	5
3	YNL090W	1.1128623485565186	0.7640103101730347	5
3	YMR138W	1.409081220626831	0.8653253316879272	5
4	YOR089C	0.7471048831939697	0.6017650961875916	12
4	YNL093W	0.6991131901741028	0.5923444032669067	12
4	YFL038C	0.7501416802406311	0.5862453579902649	12
4	YDL192W	0.7297499179840088	0.5977922677993774	12
4	YFL005W	0.7328442931175232	0.5813975930213928	12
4	YKR014C	0.7152779698371887	0.584221601486206	12
4	YOR094W	0.7124426364898682	0.5791018009185791	12
4	YHR022C	0.730891227722168	0.6107856631278992	12
4	YCR027C	0.6960945129394531	0.6016402840614319	12
4	YKL154W	0.7022576332092285	0.6006863713264465	12
4	YBR264C	0.7095707058906555	0.5868861675262451	12
4	YLR293C	0.7317068576812744	0.5907626152038574	12
4	YOR185C	0.7176434397697449	0.5908952355384827	12
4	YBR164C	0.7011527419090271	0.5848122239112854	12
4	YNL090W	0.7843506932258606	0.5997309684753418	12
4	YMR138W	0.8413085341453552	0.6043678522109985	12
5	YOR089C	0.7725453972816467	0.7644369602203369	9
5	YNL093W	1.1022660732269287	0.7551639080047607	9
5	YFL038C	0.9855931401252747	0.8140716552734375	9
5	YDL192W	0.8968971967697144	0.7597149610519409	9
5	YFL005W	0.9320797324180603	0.7856066226959229	9
5	YKR014C	1.0411521196365356	0.7481193542480469	9
5	YOR094W	0.8596252799034119	0.7955902218818665	9
5	YHR022C	0.8444379568099976	0.7716279029846191	9
5	YCR027C	0.9165724515914917	0.7987797260284424	9
5	YKL154W	1.091201663017273	0.9478778839111328	9
5	YBR264C	0.8411139845848083	0.8183627128601074	9
5	YLR293C	0.9213323593139648	0.8231338858604431	9
5	YOR185C	0.8748986124992371	0.846581757068634	9
5	YBR164C	0.8698585033416748	0.7775052785873413	9
5	YNL090W	0.8506200313568115	0.7257412075996399	9
5	YMR138W	0.8413299322128296	0.81092369556427	9
6	YOR089C	0.6306771039962769	0.550444483757019	9
6	YNL093W	0.6215186715126038	0.537127673625946	9
6	YFL038C	0.6314675211906433	0.5375402569770813	9
6	YDL192W	0.637779951095581	0.5529042482376099	9
6	YFL005W	0.630413293838501	0.5445991158485413	9
6	YKR014C	0.6157971620559692	0.5451695919036865	9
6	YOR094W	0.6278185248374939	0.5384501218795776	9
6	YHR022C	0.6532423496246338	0.5676931738853455	9
6	YCR027C	0.6345394849777222	0.5431938767433167	9
6	YKL154W	0.6198157668113708	0.5310192108154297	9
6	YBR264C	0.6201251745223999	0.5362305641174316	9
6	YLR293C	0.6250012516975403	0.5483391880989075	9
6	YOR185C	0.6281402707099915	0.5438787937164307	9
6	YBR164C	0.6280362010002136	0.54712975025177	9
6	YNL090W	0.6318960189819336	0.5422231554985046	9
6	YMR138W	0.6293632388114929	0.5362147688865662	9
7	YOR089C	0.7415868639945984	0.7222014665603638	10
7	YNL093W	0.761675238609314	0.7328738570213318	10
7	YFL038C	0.7207587361335754	0.7318893671035767	10
7	YDL192W	0.7568603754043579	0.7317930459976196	10
7	YFL005W	0.7294492721557617	0.7239207029342651	10
7	YKR014C	0.7798760533332825	0.717219352722168	10
7	YOR094W	0.7340953946113586	0.7376894950866699	10
7	YHR022C	0.7313238978385925	0.6910777688026428	10
7	YCR027C	0.7403002381324768	0.7220808267593384	10
7	YKL154W	0.7903603911399841	0.8245808482170105	10
7	YBR264C	0.7339059114456177	0.7263422012329102	10
7	YLR293C	0.7532205581665039	0.7379462718963623	10
7	YOR185C	0.7330936193466187	0.7220423817634583	10
7	YBR164C	0.7102786302566528	0.6859686374664307	10
7	YNL090W	0.7322753667831421	0.7159363031387329	10
7	YMR138W	0.7369634509086609	0.7187726497650146	10
8	YOR089C	0.8818944692611694	0.5624018907546997	7
8	YNL093W	0.8745888471603394	0.5572998523712158	7
8	YFL038C	0.8400077819824219	0.5604678392410278	7
8	YDL192W	0.8003533482551575	0.5540027618408203	7
8	YFL005W	0.8506103754043579	0.5494511127471924	7
8	YKR014C	0.7954033017158508	0.542872965335846	7
8	YOR094W	0.8034287095069885	0.5549481511116028	7
8	YHR022C	0.9330625534057617	0.5508110523223877	7
8	YCR027C	0.8753646016120911	0.5628647208213806	7
8	YKL154W	0.8152632713317871	0.5603718161582947	7
8	YBR264C	0.8467506170272827	0.551065981388092	7
8	YLR293C	0.8086128830909729	0.5556994676589966	7
8	YOR185C	0.7982378602027893	0.5596886873245239	7
8	YBR164C	0.7594286799430847	0.5601053833961487	7
8	YNL090W	0.8204501271247864	0.5668289661407471	7
8	YMR138W	0.766566276550293	0.5635972023010254	7
9	YOR089C	0.9447133541107178	0.5328062772750854	8
9	YNL093W	0.9295452833175659	0.5352570414543152	8
9	YFL038C	0.9727634191513062	0.537669837474823	8
9	YDL192W	1.0715806484222412	0.5516298413276672	8
9	YFL005W	0.9509172439575195	0.5424997806549072	8
9	YKR014C	0.9303523302078247	0.5345697402954102	8
9	YOR094W	1.0320414304733276	0.5473934412002563	8
9	YHR022C	1.0871922969818115	0.5367538928985596	8
9	YCR027C	0.9948834776878357	0.5413463711738586	8
9	YKL154W	1.0544929504394531	0.5384182333946228	8
9	YBR264C	0.9570707678794861	0.529358446598053	8
9	YLR293C	0.9432200193405151	0.5677849650382996	8
9	YOR185C	0.9173715710639954	0.5520225763320923	8
9	YBR164C	1.024491310119629	0.5423200726509094	8
9	YNL090W	0.8866980671882629	0.5435283184051514	8
9	YMR138W	1.1504247188568115	0.5491035580635071	8
10	YOR089C	1.1484565734863281	0.5357809066772461	5
10	YNL093W	1.1888084411621094	0.5157034993171692	5
10	YFL038C	1.1710033416748047	0.5044931769371033	5
10	YDL192W	1.0547270774841309	0.48119592666625977	5
10	YFL005W	1.1035401821136475	0.5112212300300598	5
10	YKR014C	1.1098288297653198	0.529576301574707	5
10	YOR094W	0.9715192914009094	0.4884549677371979	5
10	YHR022C	1.1971244812011719	0.5308055281639099	5
10	YCR027C	1.2092962265014648	0.4928321838378906	5
10	YKL154W	0.9707735776901245	0.4899522364139557	5
10	YBR264C	1.1669384241104126	0.5272324681282043	5
10	YLR293C	1.2584359645843506	0.5519466400146484	5
10	YOR185C	1.2059600353240967	0.5139415860176086	5
10	YBR164C	0.9210690259933472	0.48096588253974915	5
10	YNL090W	1.1373555660247803	0.5047920942306519	5
10	YMR138W	1.065037727355957	0.5125537514686584	5
11	YOR089C	1.0644313097000122	0.5677223801612854	5
11	YNL093W	1.1027363538742065	0.5909641981124878	5
11	YFL038C	1.0820074081420898	0.5775162577629089	5
11	YDL192W	1.2261772155761719	0.6286548376083374	5
11	YFL005W	1.0411734580993652	0.5556460022926331	5
11	YKR014C	1.0670478343963623	0.5769012570381165	5
11	YOR094W	1.2356173992156982	0.5695726275444031	5
11	YHR022C	1.163357138633728	0.5681958794593811	5
11	YCR027C	1.023394227027893	0.5545565485954285	5
11	YKL154W	1.1798168420791626	0.5701307654380798	5
11	YBR264C	1.0331988334655762	0.5715474486351013	5
11	YLR293C	1.0455090999603271	0.5905009508132935	5
11	YOR185C	0.9682095646858215	0.5980246067047119	5
11	YBR164C	1.2535549402236938	0.5389494895935059	5
11	YNL090W	0.9895305633544922	0.5829932689666748	5
11	YMR138W	1.3034312725067139	0.566066563129425	5
12	YOR089C	0.6623274683952332	0.5567208528518677	9
12	YNL093W	0.6679953336715698	0.5546079277992249	9
12	YFL038C	0.65377277135849	0.5447128415107727	9
12	YDL192W	0.6778453588485718	0.5477744936943054	9
12	YFL005W	0.6652683615684509	0.5455125570297241	9
12	YKR014C	0.6614740490913391	0.5448527932167053	9
12	YOR094W	0.6577131748199463	0.5286604762077332	9
12	YHR022C	0.6684795022010803	0.5574449896812439	9
12	YCR027C	0.6797467470169067	0.5522150993347168	9
12	YKL154W	0.6523417830467224	0.532400369644165	9
12	YBR264C	0.6633446216583252	0.5498194694519043	9
12	YLR293C	0.6596890091896057	0.5453778505325317	9
12	YOR185C	0.6596570611000061	0.5428551435470581	9
12	YBR164C	0.6462709307670593	0.51408451795578	9
12	YNL090W	0.6722248792648315	0.5519713163375854	9
12	YMR138W	0.6807072758674622	0.5449386835098267	9
13	YOR089C	0.9627700448036194	0.5279371738433838	7
13	YNL093W	1.0020064115524292	0.537806510925293	7
13	YFL038C	0.9064622521400452	0.536884069442749	7
13	YDL192W	0.7997217774391174	0.5500431060791016	7
13	YFL005W	0.9187749624252319	0.5287355184555054	7
13	YKR014C	0.9846972227096558	0.5350329279899597	7
13	YOR094W	0.826971709728241	0.5878344178199768	7
13	YHR022C	0.9007964730262756	0.545837938785553	7
13	YCR027C	1.0164576768875122	0.5247751474380493	7
13	YKL154W	0.9783896803855896	0.7731110453605652	7
13	YBR264C	0.9276698231697083	0.5392038226127625	7
13	YLR293C	0.8868544697761536	0.5249648094177246	7
13	YOR185C	0.8995149731636047	0.5366776585578918	7
13	YBR164C	0.7741866707801819	0.5875372886657715	7
13	YNL090W	0.9566502571105957	0.5375034213066101	7
13	YMR138W	0.8254507184028625	0.5826417207717896	7
14	YOR089C	0.6296377778053284	0.6020253300666809	11
14	YNL093W	0.6267871260643005	0.6083687543869019	11
14	YFL038C	0.6423162817955017	0.6103866696357727	11
14	YDL192W	0.6309630870819092	0.6095302104949951	11
14	YFL005W	0.638568639755249	0.5940064191818237	11
14	YKR014C	0.6427884697914124	0.6003846526145935	11
14	YOR094W	0.6571807265281677	0.5963214635848999	11
14	YHR022C	0.6498842835426331	0.625749945640564	11
14	YCR027C	0.639733612537384	0.6161085367202759	11
14	YKL154W	0.654592752456665	0.6104376316070557	11
14	YBR264C	0.6511325240135193	0.6133320331573486	11
14	YLR293C	0.619133710861206	0.6127563118934631	11
14	YOR185C	0.6238744854927063	0.6151793599128723	11
14	YBR164C	0.647946834564209	0.6222524046897888	11
14	YNL090W	0.6381299495697021	0.6036733984947205	11
14	YMR138W	0.6466063857078552	0.6191676259040833	11
15	YOR089C	0.9612203240394592	0.5429947972297668	11
15	YNL093W	0.911734938621521	0.5457519888877869	11
15	YFL038C	0.8377122282981873	0.5445247888565063	11
15	YDL192W	0.9503738880157471	0.549401044845581	11
15	YFL005W	0.9441807270050049	0.535908043384552	11
15	YKR014C	1.0063287019729614	0.5445533394813538	11
15	YOR094W	0.994760274887085	0.5575975179672241	11
15	YHR022C	0.9164175391197205	0.5501023530960083	11
15	YCR027C	1.0144124031066895	0.5477859973907471	11
15	YKL154W	0.9607581496238708	0.5559898614883423	11
15	YBR264C	0.9643905162811279	0.5472285151481628	11
15	YLR293C	1.0054411888122559	0.5407063364982605	11
15	YOR185C	0.9203592538833618	0.5371266007423401	11
15	YBR164C	0.9296155571937561	0.5260446071624756	11
15	YNL090W	0.8087719082832336	0.5431593656539917	11
15	YMR138W	0.9113397598266602	0.5388944745063782	11
16	YOR089C	0.8439317941665649	0.5501441359519958	7
16	YNL093W	0.8716703057289124	0.5719333291053772	7
16	YFL038C	0.9170413017272949	0.5644304752349854	7
16	YDL192W	1.0647333860397339	0.5585322976112366	7
16	YFL005W	0.8405886292457581	0.5410101413726807	7
16	YKR014C	0.8437210321426392	0.5459678173065186	7
16	YOR094W	0.8790698647499084	0.543476402759552	7
16	YHR022C	0.8859094381332397	0.5744631290435791	7
16	YCR027C	0.8155878186225891	0.5758643746376038	7
16	YKL154W	0.8337436318397522	0.5390770435333252	7
16	YBR264C	0.8218015432357788	0.5475127696990967	7
16	YLR293C	0.8763948082923889	0.5394660234451294	7
16	YOR185C	0.8407748937606812	0.5433409810066223	7
16	YBR164C	0.8535071015357971	0.5455543398857117	7
16	YNL090W	0.8774303793907166	0.5613572001457214	7
16	YMR138W	0.9309272766113281	0.5611780285835266	7
17	YOR089C	1.3945492506027222	0.6762000322341919	8
17	YNL093W	1.3223228454589844	0.6795657873153687	8
17	YFL038C	1.1812000274658203	0.7017862796783447	8
17	YDL192W	0.9911447167396545	0.7470386028289795	8
17	YFL005W	1.3008980751037598	0.7117878794670105	8
17	YKR014C	1.223999261856079	0.683003306388855	8
17	YOR094W	0.994003415107727	0.74924236536026	8
17	YHR022C	1.3482857942581177	0.719999372959137	8
17	YCR027C	1.3515950441360474	0.772955060005188	8
17	YKL154W	1.1315306425094604	0.7531008720397949	8
17	YBR264C	1.2899532318115234	0.7135105729103088	8
17	YLR293C	1.2349035739898682	0.7071542739868164	8
17	YOR185C	1.1770634651184082	0.6962356567382812	8
17	YBR164C	0.9971534013748169	0.7460365295410156	8
17	YNL090W	1.187397837638855	0.647939920425415	8
17	YMR138W	0.9512771368026733	0.7769302129745483	8
18	YOR089C	0.65293288230896	0.537656843662262	8
18	YNL093W	0.6526272296905518	0.5344330668449402	8
18	YFL038C	0.6722835302352905	0.5497389435768127	8
18	YDL192W	0.6852296590805054	0.5653611421585083	8
18	YFL005W	0.705236554145813	0.5568317174911499	8
18	YKR014C	0.6560055017471313	0.535468578338623	8
18	YOR094W	0.674637496471405	0.5731201171875	8
18	YHR022C	0.6587348580360413	0.5540930032730103	8
18	YCR027C	0.8792645931243896	0.5618302226066589	8
18	YKL154W	0.7108256816864014	0.5487839579582214	8
18	YBR264C	0.6607281565666199	0.5450167059898376	8
18	YLR293C	0.6244568824768066	0.5453370809555054	8
18	YOR185C	0.6307617425918579	0.5355791449546814	8
18	YBR164C	0.6519526243209839	0.5638952851295471	8
18	YNL090W	0.6725002527236938	0.5418825149536133	8
18	YMR138W	0.6546469926834106	0.5657064318656921	8
19	YOR089C	0.8733790516853333	0.7445088028907776	7
19	YNL093W	0.8650277256965637	0.7571694254875183	7
19	YFL038C	0.8304579854011536	0.752623438835144	7
19	YDL192W	0.8954210877418518	0.7425302267074585	7
19	YFL005W	0.7995625734329224	0.7450517416000366	7
19	YKR014C	0.8596361875534058	0.7312940955162048	7
19	YOR094W	0.857264518737793	0.730557918548584	7
19	YHR022C	0.9097946286201477	0.7473867535591125	7
19	YCR027C	0.9453779458999634	0.7308622002601624	7
19	YKL154W	0.8394580483436584	0.7729781270027161	7
19	YBR264C	0.8352369666099548	0.7374148368835449	7
19	YLR293C	0.8542828559875488	0.7175003886222839	7
19	YOR185C	0.9178944826126099	0.7259541749954224	7
19	YBR164C	0.9171720743179321	0.696776270866394	7
19	YNL090W	0.8620730638504028	0.7548061013221741	7
19	YMR138W	0.8572563529014587	0.7188814878463745	7
20	YOR089C	0.9807313084602356	0.47408872842788696	7
20	YNL093W	0.9260772466659546	0.4823406934738159	7
20	YFL038C	0.9804665446281433	0.473675400018692	7
20	YDL192W	1.0901321172714233	0.47771942615509033	7
20	YFL005W	0.9943033456802368	0.4754329323768616	7
20	YKR014C	0.9251774549484253	0.4804905652999878	7
20	YOR094W	1.0851088762283325	0.5018587112426758	7
20	YHR022C	0.9074791073799133	0.5012630820274353	7
20	YCR027C	0.9454764127731323	0.47852006554603577	7
20	YKL154W	1.185271978378296	0.4686537981033325	7
20	YBR264C	1.0167301893234253	0.47930076718330383	7
20	YLR293C	0.9834027290344238	0.47837674617767334	7
20	YOR185C	0.9340171813964844	0.4785935580730438	7
20	YBR164C	1.1500285863876343	0.4852660000324249	7
20	YNL090W	0.8660783171653748	0.49005237221717834	7
20	YMR138W	1.1801793575286865	0.4859892427921295	7
21	YOR089C	1.066329836845398	0.6920526623725891	6
21	YNL093W	1.1717106103897095	0.6874000430107117	6
21	YFL038C	1.1170129776000977	0.7308618426322937	6
21	YDL192W	1.0238772630691528	0.7128649353981018	6
21	YFL005W	1.0088037252426147	0.7561811804771423	6
21	YKR014C	1.0655484199523926	0.6986013054847717	6
21	YOR094W	1.0661182403564453	0.6864000558853149	6
21	YHR022C	1.1947917938232422	0.6850341558456421	6
21	YCR027C	1.1270910501480103	0.8000959753990173	6
21	YKL154W	0.8618020415306091	0.6875743865966797	6
21	YBR264C	1.2051273584365845	0.7407537698745728	6
21	YLR293C	1.1670042276382446	0.7717276811599731	6
21	YOR185C	1.1900211572647095	0.7391986846923828	6
21	YBR164C	1.086114525794983	0.7135834097862244	6
21	YNL090W	1.0515493154525757	0.6934309601783752	6
21	YMR138W	1.1131948232650757	0.7271156907081604	6
22	YOR089C	1.006564974784851	0.5792393684387207	6
22	YNL093W	1.0756553411483765	0.5739026069641113	6
22	YFL038C	0.8225989937782288	0.5735995173454285	6
22	YDL192W	1.277637004852295	0.5814252495765686	6
22	YFL005W	0.8712623715400696	0.5634965300559998	6
22	YKR014C	0.9790931344032288	0.5536417365074158	6
22	YOR094W	0.8736439347267151	0.5590980648994446	6
22	YHR022C	0.8414273262023926	0.584428608417511	6
22	YCR027C	0.981943666934967	0.580122172832489	6
22	YKL154W	0.9228136539459229	0.5767130255699158	6
22	YBR264C	0.9355013966560364	0.5691781640052795	6
22	YLR293C	0.9407314658164978	0.58530193567276	6
22	YOR185C	0.9131171703338623	0.5843580961227417	6
22	YBR164C	0.9640478491783142	0.5776092410087585	6
22	YNL090W	0.9382068514823914	0.5756201148033142	6
22	YMR138W	0.9337930679321289	0.5827884674072266	6
23	YOR089C	1.2916218042373657	0.5464450716972351	4
23	YNL093W	1.2275029420852661	0.5425012111663818	4
23	YFL038C	1.2042244672775269	0.5352862477302551	4
23	YDL192W	1.1244006156921387	0.5416058301925659	4
23	YFL005W	1.2902556657791138	0.5454608798027039	4
23	YKR014C	1.2280349731445312	0.5319510698318481	4
23	YOR094W	1.1775901317596436	0.6371713876724243	4
23	YHR022C	1.2168515920639038	0.5020938515663147	4
23	YCR027C	1.2548174858093262	0.5562108755111694	4
23	YKL154W	1.1092809438705444	0.5766742825508118	4
23	YBR264C	1.1043084859848022	0.5329793095588684	4
23	YLR293C	1.2553584575653076	0.5621465444564819	4
23	YOR185C	1.2132699489593506	0.5777221918106079	4
23	YBR164C	1.1644130945205688	0.6813713312149048	4
23	YNL090W	1.1936224699020386	0.5063951015472412	4
23	YMR138W	1.1632227897644043	0.654396653175354	4
24	YOR089C	0.7970007061958313	0.5554537773132324	11
24	YNL093W	0.8070356845855713	0.5622434616088867	11
24	YFL038C	0.8623983860015869	0.5518625378608704	11
24	YDL192W	0.7800548076629639	0.5712337493896484	11
24	YFL005W	0.8096351623535156	0.5535594820976257	11
24	YKR014C	0.7444631457328796	0.5646423101425171	11
24	YOR094W	0.9323160648345947	0.5583880543708801	11
24	YHR022C	0.8288094997406006	0.5586994290351868	11
24	YCR027C	0.8967419266700745	0.5456456542015076	11
24	YKL154W	0.8240199685096741	0.5589070320129395	11
24	YBR264C	0.8167469501495361	0.5692524909973145	11
24	YLR293C	0.7886985540390015	0.5568535327911377	11
24	YOR185C	0.8486766219139099	0.5542065501213074	11
24	YBR164C	0.9036858081817627	0.5529031157493591	11
24	YNL090W	0.8039997220039368	0.5648481249809265	11
24	YMR138W	0.9571559429168701	0.5602356791496277	11
25	YOR089C	1.0179293155670166	0.6692134141921997	5
25	YNL093W	1.0330805778503418	0.6892389059066772	5
25	YFL038C	1.0159294605255127	0.6929329037666321	5
25	YDL192W	1.2525149583816528	0.6415184736251831	5
25	YFL005W	1.0562936067581177	0.6919896006584167	5
25	YKR014C	1.0966606140136719	0.7140246629714966	5
25	YOR094W	1.1226880550384521	0.6843854188919067	5
25	YHR022C	1.0874230861663818	0.6250672340393066	5
25	YCR027C	1.1100504398345947	0.705766499042511	5
25	YKL154W	0.9710522890090942	0.6977394819259644	5
25	YBR264C	1.0760307312011719	0.6518233418464661	5
25	YLR293C	0.9944077730178833	0.7544974684715271	5
25	YOR185C	0.9986200332641602	0.7288228869438171	5
25	YBR164C	1.0601657629013062	0.6242687106132507	5
25	YNL090W	1.0710006952285767	0.6833704113960266	5
25	YMR138W	1.049377679824829	0.6509389877319336	5
26	YOR089C	1.1425279378890991	0.495807021856308	8
26	YNL093W	1.1283929347991943	0.49929454922676086	8
26	YFL038C	0.936943531036377	0.5463078022003174	8
26	YDL192W	1.4270681142807007	0.5696373581886292	8
26	YFL005W	1.1231632232666016	0.5350717902183533	8
26	YKR014C	1.1597185134887695	0.5027489066123962	8
26	YOR094W	1.2655315399169922	0.576279878616333	8
26	YHR022C	1.27488112449646	0.508840799331665	8
26	YCR027C	1.1571143865585327	0.5275756120681763	8
26	YKL154W	1.1734333038330078	0.4786323308944702	8
26	YBR264C	1.107628345489502	0.5481827259063721	8
26	YLR293C	1.1185466051101685	0.5426279306411743	8
26	YOR185C	1.083422303199768	0.5335109233856201	8
26	YBR164C	1.3770384788513184	0.5542028546333313	8
26	YNL090W	1.1073189973831177	0.5162762999534607	8
26	YMR138W	1.3555655479431152	0.5520792007446289	8
27	YOR089C	1.0457359552383423	0.6581645607948303	9
27	YNL093W	1.1259838342666626	0.6507899165153503	9
27	YFL038C	0.8041543960571289	0.7295084595680237	9
27	YDL192W	1.2340096235275269	0.6959167122840881	9
27	YFL005W	0.9001023769378662	0.6986584067344666	9
27	YKR014C	1.1013673543930054	0.6494753956794739	9
27	YOR094W	1.1506606340408325	0.7641075253486633	9
27	YHR022C	1.1627320051193237	0.7400991320610046	9
27	YCR027C	0.8895426988601685	0.6908358931541443	9
27	YKL154W	1.0288190841674805	0.611897885799408	9
27	YBR264C	0.8840696811676025	0.7287037372589111	9
27	YLR293C	1.0193573236465454	0.6864032745361328	9
27	YOR185C	1.0224568843841553	0.7037965655326843	9
27	YBR164C	1.157759666442871	0.7278783917427063	9
27	YNL090W	0.9977253675460815	0.6790052652359009	9
27	YMR138W	1.2135396003723145	0.7647019028663635	9
28	YOR089C	1.0396984815597534	0.49229785799980164	6
28	YNL093W	1.0560847520828247	0.486962229013443	6
28	YFL038C	0.9266389012336731	0.484379380941391	6
28	YDL192W	1.339910864830017	0.5028154253959656	6
28	YFL005W	1.0155221223831177	0.48624470829963684	6
28	YKR014C	1.0859014987945557	0.48860451579093933	6
28	YOR094W	1.136055827140808	0.49877965450286865	6
28	YHR022C	1.0456558465957642	0.49938222765922546	6
28	YCR027C	1.1116005182266235	0.5931916832923889	6
28	YKL154W	0.9538819789886475	0.5291415452957153	6
28	YBR264C	1.0397976636886597	0.4918670952320099	6
28	YLR293C	1.0247985124588013	0.4809074103832245	6
28	YOR185C	1.0189906358718872	0.48393920063972473	6
28	YBR164C	1.1679840087890625	0.489599347114563	6
28	YNL090W	0.9514515399932861	0.5030567049980164	6
28	YMR138W	1.1702474355697632	0.4985769987106323	6
29	YOR089C	0.6990139484405518	0.6206586956977844	10
29	YNL093W	0.7592756152153015	0.6176062226295471	10
29	YFL038C	0.7184152603149414	0.625001847743988	10
29	YDL192W	0.7089015245437622	0.619051992893219	10
29	YFL005W	0.7182151079177856	0.6108121275901794	10
29	YKR014C	0.752312958240509	0.6332388520240784	10
29	YOR094W	0.7104947566986084	0.622065007686615	10
29	YHR022C	0.700405478477478	0.644995927810669	10
29	YCR027C	0.7633696794509888	0.6254791617393494	10
29	YKL154W	0.742293655872345	0.6832209229469299	10
29	YBR264C	0.747506856918335	0.6334599852561951	10
29	YLR293C	0.7107117772102356	0.6158027052879333	10
29	YOR185C	0.7323098182678223	0.614222526550293	10
29	YBR164C	0.6861633062362671	0.6075100302696228	10
29	YNL090W	0.7384227514266968	0.6006985306739807	10
29	YMR138W	0.7134383916854858	0.6076820492744446	10
30	YOR089C	1.1669846773147583	0.46958035230636597	3
30	YNL093W	1.1402570009231567	0.5268030762672424	3
30	YFL038C	1.1895222663879395	0.619206428527832	3
30	YDL192W	1.0475572347640991	0.45881199836730957	3
30	YFL005W	1.1898856163024902	0.5988941788673401	3
30	YKR014C	1.0874184370040894	0.5146102905273438	3
30	YOR094W	1.0101069211959839	0.5186851024627686	3
30	YHR022C	0.9787519574165344	0.43877846002578735	3
30	YCR027C	1.111750602722168	0.629632294178009	3
30	YKL154W	1.2577556371688843	0.48131003975868225	3
30	YBR264C	1.1909116506576538	0.6367620825767517	3
30	YLR293C	1.1775602102279663	0.6249955892562866	3
30	YOR185C	1.15957510471344	0.6232303380966187	3
30	YBR164C	0.9876959919929504	0.5087376236915588	3
30	YNL090W	1.0307435989379883	0.4621034264564514	3
30	YMR138W	1.0509445667266846	0.5237489938735962	3
31	YOR089C	0.9924284219741821	0.5920395255088806	10
31	YNL093W	1.0057861804962158	0.5853555202484131	10
31	YFL038C	0.9068930745124817	0.5587062239646912	10
31	YDL192W	1.2699466943740845	0.5531591176986694	10
31	YFL005W	0.9092773199081421	0.5756437182426453	10
31	YKR014C	0.9166973233222961	0.5838491916656494	10
31	YOR094W	1.1481106281280518	0.5494893193244934	10
31	YHR022C	0.9355027079582214	0.555185854434967	10
31	YCR027C	0.9300174713134766	0.5893502235412598	10
31	YKL154W	1.1775398254394531	0.6259561777114868	10
31	YBR264C	1.0947983264923096	0.5452248454093933	10
31	YLR293C	1.118633508682251	0.6031091213226318	10
31	YOR185C	1.1658756732940674	0.6026415824890137	10
31	YBR164C	1.1840559244155884	0.5531978011131287	10
31	YNL090W	0.9398554563522339	0.6088815927505493	10
31	YMR138W	1.1175251007080078	0.565025806427002	10
32	YOR089C	0.6335713863372803	0.5549308061599731	8
32	YNL093W	0.6240805983543396	0.5472676753997803	8
32	YFL038C	0.6223359704017639	0.5704589486122131	8
32	YDL192W	0.6242654323577881	0.5826067328453064	8
32	YFL005W	0.6242318153381348	0.5567631125450134	8
32	YKR014C	0.6103463172912598	0.5418046712875366	8
32	YOR094W	0.6395528316497803	0.5734686255455017	8
32	YHR022C	0.6332626938819885	0.545737624168396	8
32	YCR027C	0.628936767578125	0.5502150058746338	8
32	YKL154W	0.6353064775466919	0.5743316411972046	8
32	YBR264C	0.6322912573814392	0.5651677250862122	8
32	YLR293C	0.5945077538490295	0.5335962176322937	8
32	YOR185C	0.6145349740982056	0.556804358959198	8
32	YBR164C	0.640142560005188	0.5722107291221619	8
32	YNL090W	0.6241442561149597	0.5598734021186829	8
32	YMR138W	0.6401078104972839	0.5788453221321106	8
33	YOR089C	0.6454541087150574	0.6116610169410706	8
33	YNL093W	0.6825444102287292	0.6191786527633667	8
33	YFL038C	0.6356282234191895	0.6229733824729919	8
33	YDL192W	0.6289286613464355	0.6257531046867371	8
33	YFL005W	0.634143590927124	0.6086369156837463	8
33	YKR014C	0.6397699117660522	0.6087971329689026	8
33	YOR094W	0.6384164094924927	0.6080164313316345	8
33	YHR022C	0.6812161207199097	0.6380994319915771	8
33	YCR027C	0.6389192342758179	0.6266741156578064	8
33	YKL154W	0.6704405546188354	0.626664400100708	8
33	YBR264C	0.784525990486145	0.6254711747169495	8
33	YLR293C	0.7051088809967041	0.6289387345314026	8
33	YOR185C	0.7060565948486328	0.6309199929237366	8
33	YBR164C	0.6503139734268188	0.6379882097244263	8
33	YNL090W	0.6807934641838074	0.6142576336860657	8
33	YMR138W	0.6276154518127441	0.6338720917701721	8
34	YOR089C	0.7939717769622803	0.5459688901901245	8
34	YNL093W	0.837349534034729	0.5468424558639526	8
34	YFL038C	0.8145955801010132	0.5641088485717773	8
34	YDL192W	0.8084459900856018	0.5337841510772705	8
34	YFL005W	0.8371728658676147	0.550635576248169	8
34	YKR014C	0.8207732439041138	0.5850052237510681	8
34	YOR094W	0.8033236861228943	0.5708983540534973	8
34	YHR022C	0.8325827121734619	0.5664368271827698	8
34	YCR027C	0.841225266456604	0.5571511387825012	8
34	YKL154W	0.7798647880554199	0.6306965947151184	8
34	YBR264C	0.81212317943573	0.5560200810432434	8
34	YLR293C	0.8138503432273865	0.5568110942840576	8
34	YOR185C	0.8091956377029419	0.5550982356071472	8
34	YBR164C	0.7279855608940125	0.532805323600769	8
34	YNL090W	0.8380041122436523	0.5316619873046875	8
34	YMR138W	0.8084480166435242	0.5463346242904663	8
35	YOR089C	0.6382463574409485	0.5637494921684265	5
35	YNL093W	0.6353892087936401	0.5470312833786011	5
35	YFL038C	0.6358383297920227	0.5635500550270081	5
35	YDL192W	0.6513661742210388	0.570026159286499	5
35	YFL005W	0.6381932497024536	0.561639666557312	5
35	YKR014C	0.6333110928535461	0.5665616989135742	5
35	YOR094W	0.6489661931991577	0.5491949319839478	5
35	YHR022C	0.6742676496505737	0.5604397058486938	5
35	YCR027C	0.6341214776039124	0.5562207102775574	5
35	YKL154W	0.6107039451599121	0.5239566564559937	5
35	YBR264C	0.6439861059188843	0.5729296803474426	5
35	YLR293C	0.6385486721992493	0.5492613315582275	5
35	YOR185C	0.6369671821594238	0.5440624952316284	5
35	YBR164C	0.6507083773612976	0.55760657787323	5
35	YNL090W	0.637536883354187	0.5559893250465393	5
35	YMR138W	0.6367703676223755	0.5706935524940491	5
36	YOR089C	0.8986794352531433	0.543419599533081	5
36	YNL093W	0.9593110084533691	0.5813851356506348	5
36	YFL038C	1.0719330310821533	0.5709174871444702	5
36	YDL192W	1.0598663091659546	0.5492318272590637	5
36	YFL005W	0.8611190915107727	0.5294814109802246	5
36	YKR014C	0.9221656918525696	0.5697318315505981	5
36	YOR094W	1.1082721948623657	0.50291907787323	5
36	YHR022C	1.1182420253753662	0.5426101684570312	5
36	YCR027C	0.9756883382797241	0.5179502964019775	5
36	YKL154W	1.2097384929656982	0.5872929096221924	5
36	YBR264C	1.0157722234725952	0.5716500282287598	5
36	YLR293C	0.9774767756462097	0.5872353315353394	5
36	YOR185C	1.0209203958511353	0.518679678440094	5
36	YBR164C	1.1009362936019897	0.4994144141674042	5
36	YNL090W	0.9193761944770813	0.5714673399925232	5
36	YMR138W	1.358324646949768	0.5854086875915527	5
37	YOR089C	0.9748187065124512	0.5588073134422302	6
37	YNL093W	1.0297552347183228	0.547350287437439	6
37	YFL038C	1.1202598810195923	0.6770008206367493	6
37	YDL192W	1.3316630125045776	0.5288520455360413	6
37	YFL005W	1.141670823097229	0.6598790884017944	6
37	YKR014C	0.9723987579345703	0.5366747975349426	6
37	YOR094W	1.0928819179534912	0.5100782513618469	6
37	YHR022C	0.9406490921974182	0.5222698450088501	6
37	YCR027C	1.0494993925094604	0.5416285991668701	6
37	YKL154W	0.9982897639274597	0.5650920271873474	6
37	YBR264C	0.9768068790435791	0.6917491555213928	6
37	YLR293C	0.9926002621650696	0.5928922295570374	6
37	YOR185C	0.9519177079200745	0.5489195585250854	6
37	YBR164C	1.0555706024169922	0.50196772813797	6
37	YNL090W	1.0046206712722778	0.5734050869941711	6
37	YMR138W	1.177674651145935	0.4998055100440979	6
38	YOR089C	0.8576189279556274	0.5586481094360352	8
38	YNL093W	0.8582034111022949	0.5533242225646973	8
38	YFL038C	0.8346726298332214	0.5594766736030579	8
38	YDL192W	1.172532558441162	0.567514955997467	8
38	YFL005W	0.8335388898849487	0.5418969988822937	8
38	YKR014C	0.8422070741653442	0.5629225969314575	8
38	YOR094W	0.9593801498413086	0.555031418800354	8
38	YHR022C	0.90626460313797	0.5836074352264404	8
38	YCR027C	0.8679949641227722	0.5603595972061157	8
38	YKL154W	1.0479958057403564	0.6264057755470276	8
38	YBR264C	1.0075095891952515	0.5769011378288269	8
38	YLR293C	0.9474866390228271	0.5461419224739075	8
38	YOR185C	0.9661394357681274	0.5463509559631348	8
38	YBR164C	0.9042413234710693	0.5496652722358704	8
38	YNL090W	0.8199421167373657	0.5388254523277283	8
38	YMR138W	0.9062860012054443	0.5516433715820312	8
39	YOR089C	0.9540455937385559	0.5296320915222168	7
39	YNL093W	1.0250706672668457	0.5117644667625427	7
39	YFL038C	0.9239583015441895	0.5085496306419373	7
39	YDL192W	1.2190338373184204	0.4965410530567169	7
39	YFL005W	0.9802947640419006	0.5156805515289307	7
39	YKR014C	0.9995061159133911	0.49553951621055603	7
39	YOR094W	0.9724363088607788	0.5091175436973572	7
39	YHR022C	0.8924797773361206	0.49660953879356384	7
39	YCR027C	1.0069884061813354	0.5052263140678406	7
39	YKL154W	1.107354998588562	0.515482485294342	7
39	YBR264C	0.9812437295913696	0.5147798657417297	7
39	YLR293C	0.8775657415390015	0.5031517148017883	7
39	YOR185C	0.8229579925537109	0.5031984448432922	7
39	YBR164C	0.9453684091567993	0.5008415579795837	7
39	YNL090W	1.0016783475875854	0.5036734342575073	7
39	YMR138W	0.925656259059906	0.5033569931983948	7
40	YOR089C	0.9449580311775208	0.5198620557785034	3
40	YNL093W	0.9546627402305603	0.5117219686508179	3
40	YFL038C	0.9253368377685547	0.5453481674194336	3
40	YDL192W	0.9225762486457825	0.5553042888641357	3
40	YFL005W	0.8433796763420105	0.5237683653831482	3
40	YKR014C	0.9472095370292664	0.4938775897026062	3
40	YOR094W	0.9463260769844055	0.5487930774688721	3
40	YHR022C	0.9727091193199158	0.4963703751564026	3
40	YCR027C	0.9774808883666992	0.5353662967681885	3
40	YKL154W	0.9171945452690125	0.5415388345718384	3
40	YBR264C	0.92420893907547	0.5310371518135071	3
40	YLR293C	0.8628695607185364	0.5107501745223999	3
40	YOR185C	0.9048563838005066	0.5276899933815002	3
40	YBR164C	0.9395058751106262	0.5524159073829651	3
40	YNL090W	0.9513137936592102	0.5259743928909302	3
40	YMR138W	0.9358155131340027	0.5480449795722961	3
41	YOR089C	1.1585264205932617	0.7718243598937988	3
41	YNL093W	1.1758798360824585	0.752800703048706	3
41	YFL038C	1.1147373914718628	0.7284478545188904	3
41	YDL192W	1.7665945291519165	0.7610926032066345	3
41	YFL005W	1.1437846422195435	0.7537370324134827	3
41	YKR014C	1.1991599798202515	0.8319953083992004	3
41	YOR094W	1.5582084655761719	0.7124606966972351	3
41	YHR022C	1.2810217142105103	0.7432661056518555	3
41	YCR027C	1.108035922050476	0.7926812171936035	3
41	YKL154W	1.1093058586120605	0.759742021560669	3
41	YBR264C	1.2640302181243896	0.7361221313476562	3
41	YLR293C	1.159652590751648	0.7755787372589111	3
41	YOR185C	1.1609677076339722	0.7763732075691223	3
41	YBR164C	1.627644419670105	0.7309677004814148	3
41	YNL090W	1.231039047241211	0.7626071572303772	3
41	YMR138W	1.6093333959579468	0.7476503252983093	3
42	YOR089C	1.3323793411254883	0.8650473356246948	2
42	YNL093W	1.2816182374954224	0.8596007823944092	2
42	YFL038C	1.3050551414489746	0.8578836917877197	2
42	YDL192W	1.3590342998504639	0.8340262770652771	2
42	YFL005W	1.2764514684677124	0.7783611416816711	2
42	YKR014C	1.3587998151779175	0.8496679663658142	2
42	YOR094W	1.309031367301941	0.947780430316925	2
42	YHR022C	1.3563284873962402	0.9403588175773621	2
42	YCR027C	1.2784587144851685	0.7121339440345764	2
42	YKL154W	1.3552923202514648	1.1090953350067139	2
42	YBR264C	1.261375904083252	0.8305040597915649	2
42	YLR293C	1.2930470705032349	0.8671277165412903	2
42	YOR185C	1.276434063911438	0.7876206040382385	2
42	YBR164C	1.4502301216125488	0.8516690731048584	2
42	YNL090W	1.3875305652618408	0.8254608511924744	2
42	YMR138W	1.5334365367889404	0.7772706747055054	2
43	YOR089C	0.7737864851951599	0.5443251729011536	7
43	YNL093W	0.7895626425743103	0.5366354584693909	7
43	YFL038C	0.8979965448379517	0.5376976132392883	7
43	YDL192W	0.8185269236564636	0.5326613783836365	7
43	YFL005W	0.7580903768539429	0.5395607352256775	7
43	YKR014C	0.7823808789253235	0.5340043902397156	7
43	YOR094W	0.8031213879585266	0.5364622473716736	7
43	YHR022C	0.8491351008415222	0.5498222708702087	7
43	YCR027C	0.9218675494194031	0.5641347169876099	7
43	YKL154W	0.7912263870239258	0.5504875183105469	7
43	YBR264C	0.7791085839271545	0.540480375289917	7
43	YLR293C	0.7844540476799011	0.540156900882721	7
43	YOR185C	0.8542127013206482	0.5378614068031311	7
43	YBR164C	0.7860327959060669	0.5378385782241821	7
43	YNL090W	0.839536726474762	0.5427849292755127	7
43	YMR138W	1.0464447736740112	0.5516656637191772	7
44	YOR089C	0.8436872363090515	0.4575057625770569	4
44	YNL093W	0.8798916339874268	0.45082157850265503	4
44	YFL038C	0.9184393286705017	0.46519118547439575	4
44	YDL192W	1.0270256996154785	0.4611259996891022	4
44	YFL005W	0.8585894107818604	0.45870786905288696	4
44	YKR014C	0.8936831951141357	0.451692134141922	4
44	YOR094W	0.9837877750396729	0.47456979751586914	4
44	YHR022C	0.9861671924591064	0.4702663719654083	4
44	YCR027C	0.899789035320282	0.4503518342971802	4
44	YKL154W	1.8674780130386353	0.45158839225769043	4
44	YBR264C	0.9385138750076294	0.45982375741004944	4
44	YLR293C	0.8841335773468018	0.46970927715301514	4
44	YOR185C	0.8899489641189575	0.4668993055820465	4
44	YBR164C	0.9800513386726379	0.4723234474658966	4
44	YNL090W	0.810573935508728	0.4619704782962799	4
44	YMR138W	0.8669545650482178	0.469227135181427	4
45	YOR089C	0.7678537368774414	0.5587418675422668	5
45	YNL093W	0.7709705829620361	0.5870593786239624	5
45	YFL038C	0.7761164903640747	0.5701295137405396	5
45	YDL192W	0.7637203931808472	0.5735068321228027	5
45	YFL005W	0.7126520276069641	0.5610834360122681	5
45	YKR014C	0.8074970245361328	0.5514451265335083	5
45	YOR094W	0.7366408705711365	0.546660840511322	5
45	YHR022C	0.6685665845870972	0.5381965041160583	5
45	YCR027C	0.7055734395980835	0.6088116765022278	5
45	YKL154W	0.7058910131454468	0.5458070039749146	5
45	YBR264C	0.7944394946098328	0.5499785542488098	5
45	YLR293C	0.7537285685539246	0.5479838252067566	5
45	YOR185C	0.7809082269668579	0.5494490265846252	5
45	YBR164C	0.7326577305793762	0.5679234862327576	5
45	YNL090W	0.7976931929588318	0.5941358804702759	5
45	YMR138W	0.743634045124054	0.553205132484436	5
46	YOR089C	0.9514923095703125	0.5618703961372375	6
46	YNL093W	0.8785383701324463	0.5285095572471619	6
46	YFL038C	1.5154439210891724	0.6134843826293945	6
46	YDL192W	1.187514305114746	0.6083245277404785	6
46	YFL005W	1.58262300491333	0.6259322762489319	6
46	YKR014C	0.8589774966239929	0.5143710970878601	6
46	YOR094W	1.1834001541137695	0.6288228631019592	6
46	YHR022C	1.0754013061523438	0.5629744529724121	6
46	YCR027C	1.5081671476364136	0.6193694472312927	6
46	YKL154W	0.9907776713371277	0.505686342716217	6
46	YBR264C	1.71588134765625	0.6072678565979004	6
46	YLR293C	0.7953839302062988	0.514353334903717	6
46	YOR185C	0.7275858521461487	0.5282081961631775	6
46	YBR164C	1.2408415079116821	0.6011463403701782	6
46	YNL090W	0.848294198513031	0.5439726114273071	6
46	YMR138W	1.1963435411453247	0.6174041628837585	6
47	YOR089C	1.1226929426193237	0.7376866936683655	3
47	YNL093W	1.2718405723571777	0.8136391043663025	3
47	YFL038C	1.1629782915115356	0.7245373129844666	3
47	YDL192W	1.1652170419692993	0.9102028012275696	3
47	YFL005W	1.1667448282241821	0.8413546681404114	3
47	YKR014C	1.239014744758606	0.8164684772491455	3
47	YOR094W	1.1057370901107788	0.7964902520179749	3
47	YHR022C	1.242334246635437	0.90999835729599	3
47	YCR027C	1.1536660194396973	0.8714754581451416	3
47	YKL154W	1.2327560186386108	1.0536757707595825	3
47	YBR264C	1.1705604791641235	0.8267977237701416	3
47	YLR293C	1.0750925540924072	0.7128221988677979	3
47	YOR185C	1.0386625528335571	0.7292136549949646	3
47	YBR164C	1.1128445863723755	0.8752965331077576	3
47	YNL090W	1.167431354522705	0.8233230710029602	3
47	YMR138W	1.1514129638671875	0.8626630306243896	3
48	YOR089C	0.7693027257919312	0.49225589632987976	8
48	YNL093W	0.7728172540664673	0.4961385130882263	8
48	YFL038C	0.8439250588417053	0.49314817786216736	8
48	YDL192W	0.8863450288772583	0.49644020199775696	8
48	YFL005W	0.8635414242744446	0.49730628728866577	8
48	YKR014C	0.7962307929992676	0.48882758617401123	8
48	YOR094W	0.8842003345489502	0.5071295499801636	8
48	YHR022C	0.817104697227478	0.49330955743789673	8
48	YCR027C	0.9574929475784302	0.527655303478241	8
48	YKL154W	0.8674910068511963	0.5022351145744324	8
48	YBR264C	0.8239507675170898	0.49513715505599976	8
48	YLR293C	0.9366527795791626	0.4977273941040039	8
48	YOR185C	0.8522964119911194	0.497392863035202	8
48	YBR164C	0.971855640411377	0.4978742003440857	8
48	YNL090W	0.7971762418746948	0.48899057507514954	8
48	YMR138W	1.0868489742279053	0.49728310108184814	8
49	YOR089C	1.0657650232315063	0.7073243260383606	3
49	YNL093W	0.9757549166679382	0.6731991767883301	3
49	YFL038C	0.9729709625244141	0.6495227217674255	3
49	YDL192W	1.0561699867248535	0.6923301815986633	3
49	YFL005W	1.149707317352295	0.7046866416931152	3
49	YKR014C	0.9993729591369629	0.7801101803779602	3
49	YOR094W	1.0348080396652222	0.6863972544670105	3
49	YHR022C	1.1594005823135376	0.6850215792655945	3
49	YCR027C	1.091575026512146	0.7311639189720154	3
49	YKL154W	0.8410074710845947	0.667151927947998	3
49	YBR264C	1.203744888305664	0.5302039384841919	3
49	YLR293C	0.9364698529243469	0.6386909484863281	3
49	YOR185C	0.9097464680671692	0.640570342540741	3
49	YBR164C	1.0875085592269897	0.6911816596984863	3
49	YNL090W	0.8697788119316101	0.6892836689949036	3
49	YMR138W	0.8607630133628845	0.6914353370666504	3
50	YOR089C	0.954271137714386	0.47872376441955566	5
50	YNL093W	0.9918786883354187	0.4815484285354614	5
50	YFL038C	0.9605934023857117	0.48306843638420105	5
50	YDL192W	1.1210588216781616	0.48623549938201904	5
50	YFL005W	0.9319089651107788	0.47394895553588867	5
50	YKR014C	1.0155115127563477	0.47313520312309265	5
50	YOR094W	1.114885687828064	0.46567001938819885	5
50	YHR022C	1.038447618484497	0.487398624420166	5
50	YCR027C	0.9881111979484558	0.5035833716392517	5
50	YKL154W	1.0666404962539673	0.47562870383262634	5
50	YBR264C	1.079988956451416	0.4743530750274658	5
50	YLR293C	1.0438965559005737	0.47130584716796875	5
50	YOR185C	1.0387715101242065	0.47429320216178894	5
50	YBR164C	1.0941013097763062	0.4644230306148529	5
50	YNL090W	0.9743553996086121	0.48977503180503845	5
50	YMR138W	0.9860584139823914	0.478837251663208	5
51	YOR089C	1.0514190196990967	0.5200352072715759	6
51	YNL093W	1.0677634477615356	0.5250720977783203	6
51	YFL038C	1.0767618417739868	0.4996825158596039	6
51	YDL192W	1.1960338354110718	0.48883768916130066	6
51	YFL005W	1.0778471231460571	0.5103687644004822	6
51	YKR014C	1.1431916952133179	0.523730456829071	6
51	YOR094W	1.0514594316482544	0.49643757939338684	6
51	YHR022C	1.060158610343933	0.49150505661964417	6
51	YCR027C	1.1295212507247925	0.5218489766120911	6
51	YKL154W	0.9245201945304871	0.4916105270385742	6
51	YBR264C	1.062787652015686	0.4852476119995117	6
51	YLR293C	0.9661757349967957	0.5619922876358032	6
51	YOR185C	0.9389263987541199	0.5547832250595093	6
51	YBR164C	0.9320682883262634	0.4939292371273041	6
51	YNL090W	1.1387732028961182	0.5200219750404358	6
51	YMR138W	1.0235995054244995	0.49417439103126526	6
52	YOR089C	0.8214527368545532	0.5193517208099365	8
52	YNL093W	0.8658214807510376	0.5227083563804626	8
52	YFL038C	0.8862820863723755	0.5157918930053711	8
52	YDL192W	1.1956006288528442	0.543020486831665	8
52	YFL005W	0.9189113974571228	0.5134629607200623	8
52	YKR014C	0.8702784776687622	0.5220998525619507	8
52	YOR094W	0.9624987840652466	0.5196954011917114	8
52	YHR022C	0.7463419437408447	0.5207329392433167	8
52	YCR027C	0.9419618844985962	0.5057200789451599	8
52	YKL154W	1.0696289539337158	0.507866621017456	8
52	YBR264C	0.9715782999992371	0.5362242460250854	8
52	YLR293C	0.9799478650093079	0.5159876942634583	8
52	YOR185C	1.0677804946899414	0.5164296627044678	8
52	YBR164C	0.9480514526367188	0.5177860260009766	8
52	YNL090W	0.8915188908576965	0.5191245675086975	8
52	YMR138W	0.8957321643829346	0.5287313461303711	8
53	YOR089C	1.0497102737426758	0.38627249002456665	2
53	YNL093W	1.094602108001709	0.3856389820575714	2
53	YFL038C	1.1094071865081787	0.38520848751068115	2
53	YDL192W	1.0341613292694092	0.383811354637146	2
53	YFL005W	1.1706254482269287	0.38705945014953613	2
53	YKR014C	1.1248114109039307	0.3865579664707184	2
53	YOR094W	1.2012920379638672	0.38740506768226624	2
53	YHR022C	1.1344928741455078	0.38682126998901367	2
53	YCR027C	1.140567421913147	0.5184655785560608	2
53	YKL154W	1.292615532875061	0.38555437326431274	2
53	YBR264C	1.2742493152618408	0.38655003905296326	2
53	YLR293C	1.1628029346466064	0.38618844747543335	2
53	YOR185C	1.1634669303894043	0.3866865038871765	2
53	YBR164C	1.1695075035095215	0.3847237825393677	2
53	YNL090W	1.0985554456710815	0.3881903290748596	2
53	YMR138W	1.1466271877288818	0.38487738370895386	2
54	YOR089C	1.061745047569275	0.5813917517662048	4
54	YNL093W	1.0991500616073608	0.6494701504707336	4
54	YFL038C	1.0425070524215698	0.668536901473999	4
54	YDL192W	0.9155312776565552	0.571842610836029	4
54	YFL005W	1.080613374710083	0.6215085387229919	4
54	YKR014C	1.2247023582458496	0.7752315998077393	4
54	YOR094W	0.8329862952232361	0.5759563446044922	4
54	YHR022C	1.079140305519104	0.6542531847953796	4
54	YCR027C	1.067880392074585	0.6428910493850708	4
54	YKL154W	0.7847124338150024	0.5696856379508972	4
54	YBR264C	0.9519213438034058	0.6999915242195129	4
54	YLR293C	0.9347226619720459	0.5962669253349304	4
54	YOR185C	0.9602190852165222	0.6139913201332092	4
54	YBR164C	0.8865684866905212	0.5604695081710815	4
54	YNL090W	1.2660530805587769	0.7853830456733704	4
54	YMR138W	0.8421169519424438	0.5746498703956604	4
55	YOR089C	1.0392757654190063	0.5395797491073608	5
55	YNL093W	0.9741506576538086	0.5346271395683289	5
55	YFL038C	0.9565111398696899	0.5315545201301575	5
55	YDL192W	1.0885069370269775	0.5537353754043579	5
55	YFL005W	0.942017674446106	0.5455594658851624	5
55	YKR014C	1.0040616989135742	0.542375385761261	5
55	YOR094W	1.1268398761749268	0.614129900932312	5
55	YHR022C	1.1462132930755615	0.5466787219047546	5
55	YCR027C	1.013287901878357	0.5402664542198181	5
55	YKL154W	0.9219915270805359	0.5584948062896729	5
55	YBR264C	0.9319581985473633	0.537900447845459	5
55	YLR293C	1.037139654159546	0.552990734577179	5
55	YOR185C	0.9997389912605286	0.5855805277824402	5
55	YBR164C	1.0370278358459473	0.6281983256340027	5
55	YNL090W	0.9784979820251465	0.5336297154426575	5
55	YMR138W	1.1043933629989624	0.6173499822616577	5
56	YOR089C	0.9489593505859375	0.5839645266532898	5
56	YNL093W	0.9533979296684265	0.6007103323936462	5
56	YFL038C	0.8901087641716003	0.5677220225334167	5
56	YDL192W	1.1506160497665405	0.5758280754089355	5
56	YFL005W	0.9233359098434448	0.5566190481185913	5
56	YKR014C	0.9419093132019043	0.5767055749893188	5
56	YOR094W	1.0104652643203735	0.5845499634742737	5
56	YHR022C	1.077522873878479	0.6260528564453125	5
56	YCR027C	0.9584042429924011	0.580966591835022	5
56	YKL154W	0.9163455963134766	0.5706056356430054	5
56	YBR264C	0.9249176979064941	0.5616241693496704	5
56	YLR293C	0.9185663461685181	0.5567283630371094	5
56	YOR185C	0.8558511734008789	0.5718468427658081	5
56	YBR164C	0.8788139224052429	0.585418164730072	5
56	YNL090W	0.9341717958450317	0.5734890699386597	5
56	YMR138W	1.0914833545684814	0.5913363695144653	5
57	YOR089C	1.1337475776672363	0.5161846876144409	8
57	YNL093W	1.0966699123382568	0.5374584794044495	8
57	YFL038C	1.1071594953536987	0.5730522871017456	8
57	YDL192W	1.0402987003326416	0.5152978897094727	8
57	YFL005W	1.0111281871795654	0.5503544807434082	8
57	YKR014C	1.0470468997955322	0.5344789028167725	8
57	YOR094W	0.9423620700836182	0.5693802833557129	8
57	YHR022C	0.940682053565979	0.5731067657470703	8
57	YCR027C	1.1254241466522217	0.5948317050933838	8
57	YKL154W	1.2222939729690552	0.5544545650482178	8
57	YBR264C	1.1198925971984863	0.5747916102409363	8
57	YLR293C	1.1345272064208984	0.5909243822097778	8
57	YOR185C	1.137587308883667	0.6126801371574402	8
57	YBR164C	0.8993971347808838	0.5474905371665955	8
57	YNL090W	0.9938615560531616	0.5253990888595581	8
57	YMR138W	0.9485259056091309	0.5711746215820312	8
58	YOR089C	0.917424738407135	0.5248849987983704	6
58	YNL093W	0.8779307007789612	0.5218387246131897	6
58	YFL038C	0.9575515389442444	0.5254508852958679	6
58	YDL192W	1.3062654733657837	0.5363608598709106	6
58	YFL005W	0.9378597140312195	0.5304132699966431	6
58	YKR014C	0.9387585520744324	0.528987467288971	6
58	YOR094W	1.2612292766571045	0.5892388224601746	6
58	YHR022C	1.076119065284729	0.5240031480789185	6
58	YCR027C	0.9459015727043152	0.5271028876304626	6
58	YKL154W	1.0782442092895508	0.5474328398704529	6
58	YBR264C	0.9532034397125244	0.5196619629859924	6
58	YLR293C	1.005936622619629	0.5306869149208069	6
58	YOR185C	0.9476550221443176	0.5443624258041382	6
58	YBR164C	1.1854239702224731	0.6015694737434387	6
58	YNL090W	0.999743640422821	0.5231872797012329	6
58	YMR138W	1.3020106554031372	0.5909886956214905	6
59	YOR089C	1.020950436592102	0.5544905066490173	5
59	YNL093W	0.9708929061889648	0.5486149191856384	5
59	YFL038C	0.9977693557739258	0.5883097648620605	5
59	YDL192W	1.0112698078155518	0.5465260148048401	5
59	YFL005W	0.9872026443481445	0.5604358315467834	5
59	YKR014C	0.9584547877311707	0.5615574717521667	5
59	YOR094W	1.0429518222808838	0.5862345695495605	5
59	YHR022C	0.945401668548584	0.5452343225479126	5
59	YCR027C	0.8971433639526367	0.5652526021003723	5
59	YKL154W	1.1621519327163696	0.7025333046913147	5
59	YBR264C	1.0150363445281982	0.5971800088882446	5
59	YLR293C	0.9684044122695923	0.5976457595825195	5
59	YOR185C	0.9693328738212585	0.608100950717926	5
59	YBR164C	1.0441792011260986	0.5428274869918823	5
59	YNL090W	0.9046077728271484	0.5394430756568909	5
59	YMR138W	1.1067560911178589	0.5603039860725403	5
60	YOR089C	0.8639127612113953	0.6114031076431274	5
60	YNL093W	0.8065582513809204	0.57034832239151	5
60	YFL038C	0.8211361169815063	0.6287752389907837	5
60	YDL192W	0.7492124438285828	0.6396047472953796	5
60	YFL005W	0.8304893374443054	0.6237937211990356	5
60	YKR014C	1.0226585865020752	0.6221511960029602	5
60	YOR094W	0.7819118499755859	0.645410418510437	5
60	YHR022C	0.8362725377082825	0.6670881509780884	5
60	YCR027C	0.8075507879257202	0.634912371635437	5
60	YKL154W	0.7708495855331421	0.6944177150726318	5
60	YBR264C	0.7814599871635437	0.6314892172813416	5
60	YLR293C	0.8553630709648132	0.6401380300521851	5
60	YOR185C	0.9117363691329956	0.6044288873672485	5
60	YBR164C	0.7634245157241821	0.6313215494155884	5
60	YNL090W	1.0018839836120605	0.6258634328842163	5
60	YMR138W	0.9204667806625366	0.6197341084480286	5
61	YOR089C	0.9689133763313293	0.4958663880825043	7
61	YNL093W	0.9323258399963379	0.49835270643234253	7
61	YFL038C	0.9067773818969727	0.4959278404712677	7
61	YDL192W	1.0563310384750366	0.5025778412818909	7
61	YFL005W	0.953578531742096	0.49820783734321594	7
61	YKR014C	0.932252049446106	0.48718005418777466	7
61	YOR094W	0.9848834872245789	0.49613481760025024	7
61	YHR022C	0.9040212631225586	0.5093116164207458	7
61	YCR027C	0.9706994295120239	0.48525696992874146	7
61	YKL154W	0.8584206700325012	0.4848460555076599	7
61	YBR264C	0.9240193963050842	0.4840458333492279	7
61	YLR293C	0.9394111633300781	0.4929904341697693	7
61	YOR185C	0.8939229846000671	0.4824398458003998	7
61	YBR164C	0.9667372703552246	0.48206982016563416	7
61	YNL090W	0.9178686141967773	0.4975958466529846	7
61	YMR138W	0.9277979135513306	0.47018957138061523	7
62	YOR089C	1.204868197441101	0.4684670865535736	4
62	YNL093W	1.2225453853607178	0.4650458097457886	4
62	YFL038C	1.146285057067871	0.4673725962638855	4
62	YDL192W	1.5399152040481567	0.4559699296951294	4
62	YFL005W	1.132875919342041	0.47045639157295227	4
62	YKR014C	1.2676818370819092	0.4702138602733612	4
62	YOR094W	1.3742456436157227	0.46312230825424194	4
62	YHR022C	1.329184651374817	0.4629475474357605	4
62	YCR027C	1.2589094638824463	0.46536844968795776	4
62	YKL154W	1.160921335220337	0.4631950855255127	4
62	YBR264C	1.293010950088501	0.46549874544143677	4
62	YLR293C	1.1720249652862549	0.45249366760253906	4
62	YOR185C	1.169827938079834	0.45872604846954346	4
62	YBR164C	1.3185765743255615	0.4618111252784729	4
62	YNL090W	1.1721566915512085	0.4598259925842285	4
62	YMR138W	1.2839140892028809	0.4707225561141968	4
63	YOR089C	0.7392509579658508	0.4964442253112793	6
63	YNL093W	0.7389161586761475	0.49112942814826965	6
63	YFL038C	0.7347650527954102	0.4898391664028168	6
63	YDL192W	0.7261443138122559	0.4835233986377716	6
63	YFL005W	0.75771564245224	0.48995280265808105	6
63	YKR014C	0.7303411960601807	0.4950363337993622	6
63	YOR094W	0.739147961139679	0.48580503463745117	6
63	YHR022C	0.7006043791770935	0.4887307584285736	6
63	YCR027C	0.7784630656242371	0.4900481700897217	6
63	YKL154W	0.6987202763557434	0.4894615113735199	6
63	YBR264C	0.7474126219749451	0.48649969696998596	6
63	YLR293C	0.7313169836997986	0.4930253326892853	6
63	YOR185C	0.7633817195892334	0.4896412193775177	6
63	YBR164C	0.7554216980934143	0.4778068959712982	6
63	YNL090W	0.7186698913574219	0.4927407503128052	6
63	YMR138W	0.7628354430198669	0.4828852117061615	6
64	YOR089C	1.1104589700698853	0.6574965119361877	3
64	YNL093W	1.1250132322311401	0.6493965983390808	3
64	YFL038C	1.1300958395004272	0.6499046683311462	3
64	YDL192W	1.1903197765350342	0.7077811360359192	3
64	YFL005W	1.1889244318008423	0.6454991698265076	3
64	YKR014C	1.1312941312789917	0.7148650288581848	3
64	YOR094W	1.0686830282211304	0.7016544342041016	3
64	YHR022C	1.0865789651870728	0.7298361659049988	3
64	YCR027C	1.168206810951233	0.7009372711181641	3
64	YKL154W	1.117836833000183	0.8929178714752197	3
64	YBR264C	1.1215718984603882	0.6796562671661377	3
64	YLR293C	1.109171986579895	0.6562593579292297	3
64	YOR185C	1.1304508447647095	0.6349661350250244	3
64	YBR164C	0.9764830470085144	0.6838385462760925	3
64	YNL090W	1.1918587684631348	0.6289399862289429	3
64	YMR138W	1.071909785270691	0.6464492678642273	3
65	YOR089C	0.6235878467559814	0.5755006670951843	4
65	YNL093W	0.6544108390808105	0.5648556351661682	4
65	YFL038C	1.416784405708313	0.6449840664863586	4
65	YDL192W	1.3204729557037354	0.5956689119338989	4
65	YFL005W	0.9478444457054138	0.7239575386047363	4
65	YKR014C	0.7051708698272705	0.5601082444190979	4
65	YOR094W	1.2344070672988892	0.5862712860107422	4
65	YHR022C	0.695325493812561	0.5779395699501038	4
65	YCR027C	1.3475114107131958	0.7177988886833191	4
65	YKL154W	0.8444313406944275	0.5667626261711121	4
65	YBR264C	1.587908148765564	0.6631930470466614	4
65	YLR293C	0.7497329115867615	0.5619813799858093	4
65	YOR185C	0.6473746299743652	0.5596826672554016	4
65	YBR164C	1.2106847763061523	0.5923517346382141	4
65	YNL090W	0.7198899984359741	0.5501539707183838	4
65	YMR138W	1.24924635887146	0.5998651385307312	4
66	YOR089C	0.8972208499908447	0.46640533208847046	4
66	YNL093W	0.8885946869850159	0.4726635217666626	4
66	YFL038C	1.0031671524047852	0.5153167247772217	4
66	YDL192W	1.1472578048706055	0.49812453985214233	4
66	YFL005W	0.9962397813796997	0.5498301982879639	4
66	YKR014C	0.8997004628181458	0.47443389892578125	4
66	YOR094W	1.2127540111541748	0.4684642553329468	4
66	YHR022C	1.0309031009674072	0.469964861869812	4
66	YCR027C	1.0514692068099976	0.5339178442955017	4
66	YKL154W	1.272165298461914	0.4898549020290375	4
66	YBR264C	1.0413485765457153	0.5184975862503052	4
66	YLR293C	1.0843548774719238	0.5771773457527161	4
66	YOR185C	1.027205228805542	0.5205169916152954	4
66	YBR164C	1.2638800144195557	0.4563694894313812	4
66	YNL090W	0.8723924160003662	0.4639223515987396	4
66	YMR138W	1.3163942098617554	0.5006188154220581	4
67	YOR089C	1.0140259265899658	0.7236395478248596	2
67	YNL093W	1.0291101932525635	0.7210552096366882	2
67	YFL038C	0.9716355800628662	0.7113699316978455	2
67	YDL192W	0.9402321577072144	0.7110593318939209	2
67	YFL005W	0.9307708144187927	0.7087591886520386	2
67	YKR014C	0.9951987266540527	0.7182068824768066	2
67	YOR094W	0.9885053038597107	0.7089172005653381	2
67	YHR022C	1.0182009935379028	0.7186698317527771	2
67	YCR027C	1.0006604194641113	0.6965007185935974	2
67	YKL154W	0.9075924754142761	0.6500215530395508	2
67	YBR264C	0.9503245949745178	0.7183932662010193	2
67	YLR293C	0.9334473609924316	0.6718124747276306	2
67	YOR185C	0.9701383113861084	0.6900255084037781	2
67	YBR164C	0.9957407712936401	0.6920559406280518	2
67	YNL090W	1.0479507446289062	0.7235020399093628	2
67	YMR138W	0.9812279939651489	0.7261441349983215	2
68	YOR089C	0.5857711434364319	0.4387330412864685	6
68	YNL093W	0.6029825806617737	0.43734994530677795	6
68	YFL038C	0.5830832123756409	0.4407554268836975	6
68	YDL192W	0.586591899394989	0.46560904383659363	6
68	YFL005W	0.6152405142784119	0.4506826102733612	6
68	YKR014C	0.5849776864051819	0.4386453330516815	6
68	YOR094W	0.5948335528373718	0.464819073677063	6
68	YHR022C	0.583179771900177	0.4431656301021576	6
68	YCR027C	0.591596782207489	0.44324150681495667	6
68	YKL154W	0.5765978693962097	0.4618779420852661	6
68	YBR264C	0.5798709988594055	0.44122976064682007	6
68	YLR293C	0.5618922710418701	0.44222915172576904	6
68	YOR185C	0.5626819133758545	0.43254712224006653	6
68	YBR164C	0.5998705625534058	0.4641815721988678	6
68	YNL090W	0.5954487919807434	0.4374527633190155	6
68	YMR138W	0.5958173871040344	0.46061626076698303	6
69	YOR089C	0.9381141662597656	0.5104985237121582	6
69	YNL093W	1.095280647277832	0.5100051164627075	6
69	YFL038C	1.054893136024475	0.5010496973991394	6
69	YDL192W	1.2111620903015137	0.4967092275619507	6
69	YFL005W	1.1269574165344238	0.5111802220344543	6
69	YKR014C	0.9565561413764954	0.49059852957725525	6
69	YOR094W	1.067219853401184	0.512020468711853	6
69	YHR022C	0.9744269251823425	0.5023051500320435	6
69	YCR027C	1.0141466856002808	0.4962984621524811	6
69	YKL154W	1.3308076858520508	0.5148709416389465	6
69	YBR264C	1.0031952857971191	0.5073585510253906	6
69	YLR293C	0.9662616848945618	0.5079379677772522	6
69	YOR185C	0.9296113848686218	0.5041337013244629	6
69	YBR164C	0.9607312679290771	0.5039668083190918	6
69	YNL090W	0.9913005828857422	0.5115869641304016	6
69	YMR138W	0.9372854828834534	0.5035516023635864	6
70	YOR089C	0.6126233339309692	0.46863681077957153	5
70	YNL093W	0.619303822517395	0.46274250745773315	5
70	YFL038C	0.6101171374320984	0.4626484513282776	5
70	YDL192W	0.6009296178817749	0.46582427620887756	5
70	YFL005W	0.5924578905105591	0.4573434591293335	5
70	YKR014C	0.5885411500930786	0.4502955675125122	5
70	YOR094W	0.5972470641136169	0.44914472103118896	5
70	YHR022C	0.6480531692504883	0.4688112139701843	5
70	YCR027C	0.6266495585441589	0.4669714868068695	5
70	YKL154W	0.6022539138793945	0.4623797833919525	5
70	YBR264C	0.6054665446281433	0.4590427577495575	5
70	YLR293C	0.6149393916130066	0.4725782573223114	5
70	YOR185C	0.6225975155830383	0.470467209815979	5
70	YBR164C	0.6140632629394531	0.46206972002983093	5
70	YNL090W	0.6093530654907227	0.46739959716796875	5
70	YMR138W	0.6023104786872864	0.46659374237060547	5
71	YOR089C	1.0943222045898438	0.6016018986701965	4
71	YNL093W	1.0146113634109497	0.6007561087608337	4
71	YFL038C	1.219613790512085	0.5676954984664917	4
71	YDL192W	1.2130788564682007	0.6100496053695679	4
71	YFL005W	1.2469618320465088	0.6097073554992676	4
71	YKR014C	1.0064729452133179	0.5939380526542664	4
71	YOR094W	1.230910062789917	0.5835244059562683	4
71	YHR022C	1.256953239440918	0.5205686688423157	4
71	YCR027C	1.1619521379470825	0.570166826248169	4
71	YKL154W	1.2345013618469238	0.587729275226593	4
71	YBR264C	1.2947853803634644	0.5640573501586914	4
71	YLR293C	0.9589478373527527	0.591192364692688	4
71	YOR185C	0.9404735565185547	0.6002668738365173	4
71	YBR164C	1.2697557210922241	0.5838746428489685	4
71	YNL090W	1.071792721748352	0.5895482897758484	4
71	YMR138W	1.2304751873016357	0.5646558403968811	4
72	YOR089C	0.9225865006446838	0.7254165410995483	2
72	YNL093W	0.832751989364624	0.6818987727165222	2
72	YFL038C	0.8306149244308472	0.7055309414863586	2
72	YDL192W	1.1068973541259766	0.7150077223777771	2
72	YFL005W	0.8841975927352905	0.7024735808372498	2
72	YKR014C	0.8346990346908569	0.7058918476104736	2
72	YOR094W	1.0332891941070557	0.6580107808113098	2
72	YHR022C	1.007784366607666	0.6939984560012817	2
72	YCR027C	0.8664772510528564	0.69947350025177	2
72	YKL154W	1.051276683807373	0.6403975486755371	2
72	YBR264C	0.9193610548973083	0.711542546749115	2
72	YLR293C	0.976620614528656	0.666787326335907	2
72	YOR185C	0.9432920217514038	0.6623840928077698	2
72	YBR164C	1.0485992431640625	0.6746814846992493	2
72	YNL090W	0.8675670623779297	0.7116335034370422	2
72	YMR138W	1.1345888376235962	0.7053420543670654	2
73	YOR089C	1.0841519832611084	0.4624878764152527	5
73	YNL093W	1.016310691833496	0.45730099081993103	5
73	YFL038C	1.1621837615966797	0.4542153775691986	5
73	YDL192W	1.3213413953781128	0.45241135358810425	5
73	YFL005W	1.1647518873214722	0.45698535442352295	5
73	YKR014C	1.0506536960601807	0.4537890553474426	5
73	YOR094W	1.275617241859436	0.44930997490882874	5
73	YHR022C	0.9973996877670288	0.462463915348053	5
73	YCR027C	1.0874450206756592	0.4598844647407532	5
73	YKL154W	1.0434402227401733	0.44814935326576233	5
73	YBR264C	1.2650725841522217	0.4519593119621277	5
73	YLR293C	1.2114784717559814	0.4496702551841736	5
73	YOR185C	1.1477577686309814	0.45521271228790283	5
73	YBR164C	1.347535490989685	0.4519796669483185	5
73	YNL090W	1.0580193996429443	0.4518192410469055	5
73	YMR138W	1.4493156671524048	0.4518342614173889	5
74	YOR089C	1.3405474424362183	0.7088772654533386	2
74	YNL093W	1.2738099098205566	0.6920828223228455	2
74	YFL038C	1.1506766080856323	0.6830385327339172	2
74	YDL192W	1.2914005517959595	0.6996545195579529	2
74	YFL005W	1.1936842203140259	0.7117520570755005	2
74	YKR014C	1.2261452674865723	0.6991292238235474	2
74	YOR094W	1.3314125537872314	0.6799446940422058	2
74	YHR022C	1.4772950410842896	0.6940752267837524	2
74	YCR027C	1.2738683223724365	0.68808513879776	2
74	YKL154W	1.484953761100769	0.6746926307678223	2
74	YBR264C	1.211693525314331	0.6855138540267944	2
74	YLR293C	1.4701306819915771	0.7117869853973389	2
74	YOR185C	1.423187494277954	0.6963017582893372	2
74	YBR164C	1.2999979257583618	0.6508743762969971	2
74	YNL090W	1.3002103567123413	0.6916187405586243	2
74	YMR138W	1.3616544008255005	0.6509166955947876	2
75	YOR089C	1.0594422817230225	0.6479744911193848	2
75	YNL093W	1.089817762374878	0.6458387970924377	2
75	YFL038C	1.099083423614502	0.6650519371032715	2
75	YDL192W	1.133868932723999	0.6644194722175598	2
75	YFL005W	1.111985206604004	0.6939675211906433	2
75	YKR014C	1.046903133392334	0.6799059510231018	2
75	YOR094W	1.0962188243865967	0.6750730872154236	2
75	YHR022C	1.0669703483581543	0.6670525074005127	2
75	YCR027C	1.212317705154419	0.6961134672164917	2
75	YKL154W	1.283372163772583	0.6521965861320496	2
75	YBR264C	1.2731690406799316	0.7024662494659424	2
75	YLR293C	1.2209246158599854	0.6568586230278015	2
75	YOR185C	1.2175582647323608	0.6456165313720703	2
75	YBR164C	1.152757167816162	0.6819318532943726	2
75	YNL090W	0.9965157508850098	0.6549159288406372	2
75	YMR138W	1.1330646276474	0.5936912298202515	2
76	YOR089C	0.5848409533500671	0.38312456011772156	3
76	YNL093W	0.5651713013648987	0.3827131688594818	3
76	YFL038C	0.8634842038154602	0.47218817472457886	3
76	YDL192W	0.8446378111839294	0.38702625036239624	3
76	YFL005W	1.214526653289795	0.5969642400741577	3
76	YKR014C	0.5664038062095642	0.3835737705230713	3
76	YOR094W	0.8187429308891296	0.3866643011569977	3
76	YHR022C	0.6893158555030823	0.38248127698898315	3
76	YCR027C	1.053237795829773	0.5228907465934753	3
76	YKL154W	0.7269564270973206	0.38942062854766846	3
76	YBR264C	1.02533757686615	0.48175710439682007	3
76	YLR293C	0.5700892806053162	0.38470789790153503	3
76	YOR185C	0.5683981776237488	0.3849320113658905	3
76	YBR164C	0.7907930016517639	0.3854963183403015	3
76	YNL090W	0.5826810598373413	0.38576626777648926	3
76	YMR138W	0.8502889275550842	0.3864434063434601	3
77	YOR089C	1.2523273229599	0.6099328398704529	2
77	YNL093W	1.165619969367981	0.6318655610084534	2
77	YFL038C	1.2866718769073486	0.6516864895820618	2
77	YDL192W	1.2208431959152222	0.6233778595924377	2
77	YFL005W	1.3513906002044678	0.6302064061164856	2
77	YKR014C	1.1794549226760864	0.623399019241333	2
77	YOR094W	1.1273152828216553	0.6524456739425659	2
77	YHR022C	1.2781057357788086	0.5833531022071838	2
77	YCR027C	1.4646834135055542	0.6267387866973877	2
77	YKL154W	1.0804774761199951	0.6210768818855286	2
77	YBR264C	1.2598423957824707	0.6098369359970093	2
77	YLR293C	1.5070141553878784	0.6867411732673645	2
77	YOR185C	1.5227843523025513	0.6334287524223328	2
77	YBR164C	1.117842197418213	0.6244346499443054	2
77	YNL090W	1.2443890571594238	0.6309264302253723	2
77	YMR138W	1.3135733604431152	0.6427899599075317	2
78	YOR089C	1.131921648979187	0.6563681960105896	2
78	YNL093W	1.1450837850570679	0.6564706563949585	2
78	YFL038C	1.1383862495422363	0.6161906719207764	2
78	YDL192W	1.2348392009735107	0.6300411820411682	2
78	YFL005W	1.139497995376587	0.6016131043434143	2
78	YKR014C	1.116172432899475	0.6110851168632507	2
78	YOR094W	1.1859512329101562	0.5713960528373718	2
78	YHR022C	1.24132239818573	0.6584716439247131	2
78	YCR027C	1.2134017944335938	0.6643859148025513	2
78	YKL154W	1.1450923681259155	0.6212646961212158	2
78	YBR264C	1.1604225635528564	0.6331273317337036	2
78	YLR293C	1.172071933746338	0.5994077920913696	2
78	YOR185C	1.157626986503601	0.6051507592201233	2
78	YBR164C	1.1429717540740967	0.5320173501968384	2
78	YNL090W	1.0870273113250732	0.6518662571907043	2
78	YMR138W	1.1805896759033203	0.6328704357147217	2
79	YOR089C	0.9052799940109253	0.3875422477722168	4
79	YNL093W	0.8757344484329224	0.386678546667099	4
79	YFL038C	0.8573715090751648	0.38532835245132446	4
79	YDL192W	0.908058762550354	0.38732752203941345	4
79	YFL005W	0.8550072312355042	0.38753101229667664	4
79	YKR014C	0.9202842116355896	0.38776230812072754	4
79	YOR094W	1.1155669689178467	0.3870958685874939	4
79	YHR022C	1.048464298248291	0.38596001267433167	4
79	YCR027C	0.9539399147033691	0.38657861948013306	4
79	YKL154W	1.064638614654541	0.3870953917503357	4
79	YBR264C	0.9596469402313232	0.38633179664611816	4
79	YLR293C	1.0678787231445312	0.38915032148361206	4
79	YOR185C	1.0241098403930664	0.3875383138656616	4
79	YBR164C	0.9428004622459412	0.3894965648651123	4
79	YNL090W	0.9092724919319153	0.3883429169654846	4
79	YMR138W	1.0173747539520264	0.3893219828605652	4
80	YOR089C	0.9197223782539368	0.5006282329559326	3
80	YNL093W	0.9592397809028625	0.5119216442108154	3
80	YFL038C	0.915982723236084	0.49114394187927246	3
80	YDL192W	1.2371950149536133	0.5396952629089355	3
80	YFL005W	1.022019386291504	0.5063474774360657	3
80	YKR014C	1.0182641744613647	0.4978455603122711	3
80	YOR094W	1.262772560119629	0.5196143984794617	3
80	YHR022C	1.178076148033142	0.5161148905754089	3
80	YCR027C	1.0374003648757935	0.504396378993988	3
80	YKL154W	1.1997966766357422	0.5203578472137451	3
80	YBR264C	1.0467215776443481	0.5150019526481628	3
80	YLR293C	0.9115088582038879	0.5480567812919617	3
80	YOR185C	0.897066593170166	0.5473065376281738	3
80	YBR164C	1.439583659172058	0.5085864067077637	3
80	YNL090W	0.9159658551216125	0.504316508769989	3
80	YMR138W	1.364311695098877	0.505612850189209	3
81	YOR089C	0.9105013012886047	0.38507482409477234	3
81	YNL093W	0.9430977702140808	0.3859918415546417	3
81	YFL038C	1.2180262804031372	0.3855404853820801	3
81	YDL192W	1.1802960634231567	0.38652968406677246	3
81	YFL005W	1.2947688102722168	0.38555026054382324	3
81	YKR014C	1.0138521194458008	0.3837992548942566	3
81	YOR094W	1.108559250831604	0.38571053743362427	3
81	YHR022C	0.9414219856262207	0.3828335404396057	3
81	YCR027C	1.2067631483078003	0.3881400227546692	3
81	YKL154W	0.9935725331306458	0.38552141189575195	3
81	YBR264C	1.219157099723816	0.38779330253601074	3
81	YLR293C	0.9612781405448914	0.38692960143089294	3
81	YOR185C	0.9602081179618835	0.3861451745033264	3
81	YBR164C	1.0280370712280273	0.38727402687072754	3
81	YNL090W	1.0053566694259644	0.3858713209629059	3
81	YMR138W	1.1262842416763306	0.38604921102523804	3
82	YOR089C	1.1022237539291382	0.38518667221069336	3
82	YNL093W	1.1363645792007446	0.3850635886192322	3
82	YFL038C	0.9379341006278992	0.38597771525382996	3
82	YDL192W	1.340804100036621	0.38552653789520264	3
82	YFL005W	0.9465635418891907	0.3849320113658905	3
82	YKR014C	1.1734800338745117	0.3854410648345947	3
82	YOR094W	1.209736943244934	0.38530704379081726	3
82	YHR022C	1.1324888467788696	0.3854147791862488	3
82	YCR027C	0.9810540080070496	0.38528943061828613	3
82	YKL154W	1.3259190320968628	0.38857126235961914	3
82	YBR264C	1.153944492340088	0.3851402997970581	3
82	YLR293C	1.1864209175109863	0.38701140880584717	3
82	YOR185C	1.1443495750427246	0.38692906498908997	3
82	YBR164C	1.1871534585952759	0.3860117793083191	3
82	YNL090W	0.9500095248222351	0.3855842351913452	3
82	YMR138W	1.094367504119873	0.387517511844635	3
83	YOR089C	1.0347282886505127	0.38568341732025146	3
83	YNL093W	1.0352956056594849	0.3857693374156952	3
83	YFL038C	1.0426335334777832	0.3839409053325653	3
83	YDL192W	1.0386905670166016	0.38567301630973816	3
83	YFL005W	1.0560283660888672	0.38464757800102234	3
83	YKR014C	1.0475263595581055	0.38291317224502563	3
83	YOR094W	1.0770403146743774	0.3855211138725281	3
83	YHR022C	0.9822797179222107	0.3873392343521118	3
83	YCR027C	1.0281791687011719	0.3889791965484619	3
83	YKL154W	1.0114790201187134	0.3856443762779236	3
83	YBR264C	1.0500329732894897	0.3845720589160919	3
83	YLR293C	0.9651634693145752	0.3852396011352539	3
83	YOR185C	0.9844725131988525	0.3844136893749237	3
83	YBR164C	1.07488214969635	0.38706091046333313	3
83	YNL090W	1.038749098777771	0.3849707245826721	3
83	YMR138W	1.0687326192855835	0.385913223028183	3
84	YOR089C	1.0234962701797485	0.5252880454063416	3
84	YNL093W	0.950111448764801	0.5071890354156494	3
84	YFL038C	0.9326302409172058	0.5025960803031921	3
84	YDL192W	1.4645110368728638	0.5235168933868408	3
84	YFL005W	0.9988115429878235	0.504018247127533	3
84	YKR014C	0.989056408405304	0.5020357966423035	3
84	YOR094W	1.3160696029663086	0.5021546483039856	3
84	YHR022C	1.083523154258728	0.5146287083625793	3
84	YCR027C	0.9062289595603943	0.4980523884296417	3
84	YKL154W	0.962465763092041	0.5553801655769348	3
84	YBR264C	1.0395454168319702	0.5152488350868225	3
84	YLR293C	0.9801867604255676	0.498445600271225	3
84	YOR185C	0.9799119830131531	0.5015391707420349	3
84	YBR164C	1.354201316833496	0.4987468719482422	3
84	YNL090W	0.9107077121734619	0.527365505695343	3
84	YMR138W	1.2941519021987915	0.5144568085670471	3
85	YOR089C	1.014661192893982	0.49805426597595215	3
85	YNL093W	0.9768179059028625	0.5006356835365295	3
85	YFL038C	0.9951308369636536	0.5003215074539185	3
85	YDL192W	1.0639983415603638	0.4613538682460785	3
85	YFL005W	1.1287630796432495	0.48974132537841797	3
85	YKR014C	0.9600453972816467	0.5034184455871582	3
85	YOR094W	0.9696698188781738	0.4910922348499298	3
85	YHR022C	0.9372975826263428	0.5064854621887207	3
85	YCR027C	1.1130404472351074	0.48801279067993164	3
85	YKL154W	1.1029096841812134	0.6592934131622314	3
85	YBR264C	0.97043377161026	0.489755779504776	3
85	YLR293C	0.888136625289917	0.49746301770210266	3
85	YOR185C	0.9025667309761047	0.49402329325675964	3
85	YBR164C	0.936345100402832	0.5032640695571899	3
85	YNL090W	0.9565922617912292	0.5032999515533447	3
85	YMR138W	0.9080604910850525	0.4901377260684967	3
86	YOR089C	1.526817798614502	0.5442432761192322	2
86	YNL093W	1.5180705785751343	0.6260294914245605	2
86	YFL038C	1.5087647438049316	0.6044580936431885	2
86	YDL192W	1.4677212238311768	0.38699808716773987	2
86	YFL005W	1.5362825393676758	0.5894045233726501	2
86	YKR014C	1.8478507995605469	0.8197282552719116	2
86	YOR094W	1.3343565464019775	0.38680359721183777	2
86	YHR022C	1.563635230064392	0.5853356719017029	2
86	YCR027C	1.5090126991271973	0.5804901719093323	2
86	YKL154W	1.290365219116211	0.38650229573249817	2
86	YBR264C	1.4599158763885498	0.6065073609352112	2
86	YLR293C	1.4339096546173096	0.5685622692108154	2
86	YOR185C	1.4847180843353271	0.5491516590118408	2
86	YBR164C	1.5182151794433594	0.3852290213108063	2
86	YNL090W	1.7574118375778198	0.8405449986457825	2
86	YMR138W	1.3999232053756714	0.38687801361083984	2
87	YOR089C	0.8892057538032532	0.48332610726356506	3
87	YNL093W	1.0284448862075806	0.4835200011730194	3
87	YFL038C	1.0278291702270508	0.4793189764022827	3
87	YDL192W	0.9385935664176941	0.4865763187408447	3
87	YFL005W	0.8851808905601501	0.4676206409931183	3
87	YKR014C	1.2166471481323242	0.4891695976257324	3
87	YOR094W	0.9327353835105896	0.48645803332328796	3
87	YHR022C	1.0455020666122437	0.5047029256820679	3
87	YCR027C	0.7580718994140625	0.4735070466995239	3
87	YKL154W	1.1148324012756348	0.7043306827545166	3
87	YBR264C	0.8477619290351868	0.4748554229736328	3
87	YLR293C	1.1655687093734741	0.47030529379844666	3
87	YOR185C	1.194327473640442	0.4851592481136322	3
87	YBR164C	0.9834022521972656	0.4872462749481201	3
87	YNL090W	0.8572956919670105	0.49397411942481995	3
87	YMR138W	1.3815330266952515	0.47317561507225037	3
88	YOR089C	1.0328289270401	0.49860620498657227	3
88	YNL093W	1.0543643236160278	0.49375495314598083	3
88	YFL038C	1.0263737440109253	0.4969402253627777	3
88	YDL192W	1.0158767700195312	0.4934242069721222	3
88	YFL005W	1.0619635581970215	0.49597764015197754	3
88	YKR014C	1.0763118267059326	0.492610365152359	3
88	YOR094W	1.0222469568252563	0.4948364794254303	3
88	YHR022C	1.0408438444137573	0.4917413890361786	3
88	YCR027C	1.054578423500061	0.49709320068359375	3
88	YKL154W	0.9966760277748108	0.49933505058288574	3
88	YBR264C	1.041554570198059	0.5004787445068359	3
88	YLR293C	1.0609289407730103	0.49085724353790283	3
88	YOR185C	1.0511419773101807	0.49129512906074524	3
88	YBR164C	1.0185962915420532	0.4946625232696533	3
88	YNL090W	1.0721755027770996	0.5022982954978943	3
88	YMR138W	1.0595049858093262	0.49815452098846436	3
89	YOR089C	1.0292712450027466	0.5148851275444031	3
89	YNL093W	1.0623360872268677	0.48725008964538574	3
89	YFL038C	1.083787441253662	0.4939545691013336	3
89	YDL192W	1.2004499435424805	0.47667360305786133	3
89	YFL005W	1.0778952836990356	0.4834258258342743	3
89	YKR014C	1.033843994140625	0.49121975898742676	3
89	YOR094W	1.0420657396316528	0.4790097177028656	3
89	YHR022C	1.1512079238891602	0.5053129196166992	3
89	YCR027C	1.0939210653305054	0.4824777841567993	3
89	YKL154W	0.983625590801239	0.4760388135910034	3
89	YBR264C	1.1152483224868774	0.550470232963562	3
89	YLR293C	1.1402264833450317	0.5276550650596619	3
89	YOR185C	1.1252468824386597	0.4899519383907318	3
89	YBR164C	1.0975940227508545	0.4727846086025238	3
89	YNL090W	0.9983474612236023	0.48272696137428284	3
89	YMR138W	1.1417649984359741	0.4849613606929779	3
90	YOR089C	1.0497760772705078	0.513931155204773	2
90	YNL093W	1.058985710144043	0.5292298197746277	2
90	YFL038C	1.0656698942184448	0.5866296887397766	2
90	YDL192W	1.1674240827560425	0.5470032691955566	2
90	YFL005W	1.012223720550537	0.552743136882782	2
90	YKR014C	1.0917072296142578	0.515520453453064	2
90	YOR094W	1.0412734746932983	0.5036084651947021	2
90	YHR022C	1.0990651845932007	0.5381886959075928	2
90	YCR027C	0.985365629196167	0.634527325630188	2
90	YKL154W	1.0211546421051025	0.5201383829116821	2
90	YBR264C	1.0629048347473145	0.5113012194633484	2
90	YLR293C	1.0716619491577148	0.5183594822883606	2
90	YOR185C	1.0697221755981445	0.5303767919540405	2
90	YBR164C	1.0382170677185059	0.5281069278717041	2
90	YNL090W	1.1063333749771118	0.5784119367599487	2
90	YMR138W	1.006212592124939	0.5310885906219482	2
91	YOR089C	1.033305287361145	0.49939337372779846	3
91	YNL093W	1.131176471710205	0.48257318139076233	3
91	YFL038C	1.1547709703445435	0.49254775047302246	3
91	YDL192W	1.4127918481826782	0.4960594177246094	3
91	YFL005W	1.109735131263733	0.4916677474975586	3
91	YKR014C	1.0914555788040161	0.49193504452705383	3
91	YOR094W	1.3709487915039062	0.4754605293273926	3
91	YHR022C	1.111899971961975	0.4882594645023346	3
91	YCR027C	1.1118289232254028	0.4899826943874359	3
91	YKL154W	1.7133694887161255	0.4693249762058258	3
91	YBR264C	1.262822151184082	0.4944826364517212	3
91	YLR293C	0.9140100479125977	0.4789414703845978	3
91	YOR185C	0.8497881889343262	0.47630107402801514	3
91	YBR164C	1.3604131937026978	0.4816862642765045	3
91	YNL090W	1.0615204572677612	0.49456414580345154	3
91	YMR138W	1.3797049522399902	0.4925471842288971	3
92	YOR089C	1.670274019241333	0.5081428289413452	2
92	YNL093W	1.6500883102416992	0.5369349718093872	2
92	YFL038C	1.3597660064697266	0.49061721563339233	2
92	YDL192W	1.3484656810760498	0.5495687127113342	2
92	YFL005W	1.6151008605957031	0.5017465949058533	2
92	YKR014C	1.6446832418441772	0.49734172224998474	2
92	YOR094W	0.6866614818572998	0.5055127143859863	2
92	YHR022C	1.8230242729187012	0.5409016609191895	2
92	YCR027C	1.5103470087051392	0.4986836910247803	2
92	YKL154W	1.2927454710006714	0.5302942991256714	2
92	YBR264C	1.3660104274749756	0.5630104541778564	2
92	YLR293C	1.7121973037719727	0.5754866600036621	2
92	YOR185C	1.7091354131698608	0.5909153819084167	2
92	YBR164C	1.1943963766098022	0.5141716003417969	2
92	YNL090W	1.5846577882766724	0.4960690140724182	2
92	YMR138W	0.743935227394104	0.47309496998786926	2
93	YOR089C	1.0570909976959229	0.4723456799983978	3
93	YNL093W	0.99774169921875	0.48069560527801514	3
93	YFL038C	1.0516481399536133	0.48141708970069885	3
93	YDL192W	1.0550588369369507	0.4920724332332611	3
93	YFL005W	1.0636558532714844	0.47930893301963806	3
93	YKR014C	1.0454047918319702	0.4653806686401367	3
93	YOR094W	1.019549012184143	0.47350844740867615	3
93	YHR022C	1.0582901239395142	0.47209322452545166	3
93	YCR027C	1.0481468439102173	0.46969565749168396	3
93	YKL154W	0.9910491108894348	0.48754560947418213	3
93	YBR264C	1.1172199249267578	0.4748518764972687	3
93	YLR293C	0.9873512387275696	0.4499007761478424	3
93	YOR185C	1.0022220611572266	0.46068814396858215	3
93	YBR164C	1.0270655155181885	0.46937909722328186	3
93	YNL090W	1.0357671976089478	0.489053875207901	3
93	YMR138W	1.0949578285217285	0.4688483476638794	3
94	YOR089C	1.0023260116577148	0.44490793347358704	3
94	YNL093W	1.0868090391159058	0.4482295513153076	3
94	YFL038C	1.0689048767089844	0.4529895782470703	3
94	YDL192W	1.10207998752594	0.4573168456554413	3
94	YFL005W	1.1378568410873413	0.4539851248264313	3
94	YKR014C	0.927950918674469	0.44224193692207336	3
94	YOR094W	0.9433273673057556	0.44854649901390076	3
94	YHR022C	0.9274568557739258	0.4429478347301483	3
94	YCR027C	1.1082934141159058	0.4402817189693451	3
94	YKL154W	0.9934377074241638	0.4403860867023468	3
94	YBR264C	1.01190185546875	0.4450395405292511	3
94	YLR293C	0.9856428503990173	0.4473073482513428	3
94	YOR185C	1.0249223709106445	0.44966474175453186	3
94	YBR164C	0.8788476586341858	0.4365370571613312	3
94	YNL090W	1.1210051774978638	0.45202839374542236	3
94	YMR138W	0.8938791155815125	0.42382776737213135	3
95	YOR089C	0.6775808334350586	0.3871859908103943	2
95	YNL093W	0.6911170482635498	0.3849506080150604	2
95	YFL038C	0.7244464755058289	0.3874492049217224	2
95	YDL192W	0.8781189918518066	0.3873092234134674	2
95	YFL005W	0.7568482160568237	0.38996291160583496	2
95	YKR014C	0.7721605896949768	0.3856251537799835	2
95	YOR094W	0.7126059532165527	0.3850836753845215	2
95	YHR022C	0.7791990041732788	0.3901330232620239	2
95	YCR027C	0.8151997923851013	0.3885827958583832	2
95	YKL154W	0.9267995357513428	0.38641488552093506	2
95	YBR264C	0.8164799213409424	0.3896750807762146	2
95	YLR293C	0.8043181896209717	0.38955745100975037	2
95	YOR185C	0.8445307016372681	0.38983556628227234	2
95	YBR164C	0.6235151886940002	0.3869601786136627	2
95	YNL090W	0.7253572344779968	0.38783779740333557	2
95	YMR138W	0.5900133848190308	0.38645192980766296	2
96	YOR089C	1.3028075695037842	0.38532504439353943	2
96	YNL093W	1.2599761486053467	0.3863455057144165	2
96	YFL038C	1.3335225582122803	0.3856940269470215	2
96	YDL192W	1.6771425008773804	0.3854897618293762	2
96	YFL005W	1.2748141288757324	0.38542646169662476	2
96	YKR014C	1.308097243309021	0.382705956697464	2
96	YOR094W	1.3563511371612549	0.3843739628791809	2
96	YHR022C	1.3923680782318115	0.38995498418807983	2
96	YCR027C	1.3857507705688477	0.38943180441856384	2
96	YKL154W	1.0170410871505737	0.38712278008461	2
96	YBR264C	1.4070799350738525	0.38513174653053284	2
96	YLR293C	1.2255390882492065	0.3866071403026581	2
96	YOR185C	1.2436878681182861	0.38678935170173645	2
96	YBR164C	1.392329216003418	0.38751164078712463	2
96	YNL090W	1.2706201076507568	0.38880592584609985	2
96	YMR138W	1.387398362159729	0.38637611269950867	2
97	YOR089C	1.0928046703338623	0.3861232101917267	2
97	YNL093W	1.112723708152771	0.38571763038635254	2
97	YFL038C	1.0674018859863281	0.38537779450416565	2
97	YDL192W	1.0674562454223633	0.38696154952049255	2
97	YFL005W	1.0607037544250488	0.3824728727340698	2
97	YKR014C	1.0233993530273438	0.38664495944976807	2
97	YOR094W	1.1342167854309082	0.38420137763023376	2
97	YHR022C	0.9945586919784546	0.3871241807937622	2
97	YCR027C	1.0600392818450928	0.38548994064331055	2
97	YKL154W	1.5773203372955322	0.3878524899482727	2
97	YBR264C	1.0893840789794922	0.3856549561023712	2
97	YLR293C	1.1529133319854736	0.38681772351264954	2
97	YOR185C	1.116840124130249	0.3852415680885315	2
97	YBR164C	1.0599581003189087	0.38456764817237854	2
97	YNL090W	0.9466691017150879	0.38698071241378784	2
97	YMR138W	1.0869746208190918	0.38519486784935	2
98	YOR089C	0.933864951133728	0.38293004035949707	2
98	YNL093W	0.9474221467971802	0.3843495547771454	2
98	YFL038C	0.9270702600479126	0.3870338499546051	2
98	YDL192W	0.9366166591644287	0.3864326477050781	2
98	YFL005W	0.9347660541534424	0.3871154487133026	2
98	YKR014C	0.9312244653701782	0.38499021530151367	2
98	YOR094W	0.890278697013855	0.3849637508392334	2
98	YHR022C	0.9039207100868225	0.3841075897216797	2
98	YCR027C	0.9714463949203491	0.38676318526268005	2
98	YKL154W	0.8696019649505615	0.38488003611564636	2
98	YBR264C	0.8791607022285461	0.3871573209762573	2
98	YLR293C	0.8884866833686829	0.3857293128967285	2
98	YOR185C	0.9009563326835632	0.3884236812591553	2
98	YBR164C	0.9544417858123779	0.38440677523612976	2
98	YNL090W	1.095795750617981	0.3851704001426697	2
98	YMR138W	1.1615289449691772	0.38624605536460876	2
