4.710000008344650269e-02 3.990000113844871521e-02 4.160000011324882507e-02 9.229999780654907227e-02 1.284999996423721313e-01 1.879999972879886627e-02 8.009999990463256836e-02 5.160000175237655640e-02 1.331000030040740967e-01 1.629000008106231689e-01 4.760000109672546387e-02 1.036000028252601624e-01 5.090000107884407043e-02 1.860000006854534149e-02 2.079000025987625122e-01 3.400000184774398804e-02
2.422000020742416382e-01 1.538999974727630615e-01 1.828999966382980347e-01 4.899999871850013733e-02 1.395999938249588013e-01 1.000000014901161194e-01 1.023999974131584167e-01 3.569000065326690674e-01 1.573999971151351929e-01 1.900999993085861206e-01 8.950000256299972534e-02 1.023999974131584167e-01 1.491000056266784668e-01 1.739999949932098389e-01 3.305999934673309326e-01 1.601999998092651367e-01
1.080000028014183044e-01 9.679999947547912598e-02 2.429999969899654388e-02 2.217999994754791260e-01 8.919999748468399048e-02 3.680000081658363342e-02 7.670000195503234863e-02 1.230999976396560669e-01 9.239999949932098389e-02 9.769999980926513672e-02 2.999999932944774628e-02 9.629999846220016479e-02 1.040999963879585266e-01 3.950000181794166565e-02 2.319999970495700836e-02 4.540000110864639282e-02
8.860000222921371460e-02 3.860000148415565491e-02 4.069999977946281433e-02 1.331000030040740967e-01 1.252000033855438232e-01 4.419999942183494568e-02 1.394000053405761719e-01 1.044000014662742615e-01 1.578000038862228394e-01 2.425999939441680908e-01 1.085999980568885803e-01 1.216000020503997803e-01 1.447000056505203247e-01 4.540000110864639282e-02 1.506000012159347534e-01 5.490000173449516296e-02
1.989999972283840179e-02 4.529999941587448120e-02 3.220000118017196655e-02 3.720000013709068298e-02 9.520000219345092773e-02 1.015999987721443176e-01 5.570000037550926208e-02 9.989999979734420776e-02 1.439000070095062256e-01 2.659999951720237732e-02 6.049999967217445374e-02 7.460000365972518921e-02 8.569999784231185913e-02 6.970000267028808594e-02 6.239999830722808838e-02 8.730000257492065430e-02
3.950000181794166565e-02 8.089999854564666748e-02 5.020000040531158447e-02 4.369999840855598450e-02 3.550000116229057312e-02 9.769999980926513672e-02 7.339999824762344360e-02 5.979999899864196777e-02 2.188999950885772705e-01 1.371999979019165039e-01 7.020000368356704712e-02 1.938000023365020752e-01 7.760000228881835938e-02 2.119999937713146210e-02 1.814000010490417480e-01 2.820000052452087402e-02
2.422000020742416382e-01 3.476999998092651367e-01 2.538000047206878662e-01 8.380000293254852295e-02 1.741999983787536621e-01 9.440000355243682861e-02 1.650999933481216431e-01 3.948000073432922363e-01 2.615000009536743164e-01 2.263000011444091797e-01 9.189999848604202271e-02 2.644000053405761719e-01 2.404000014066696167e-01 1.115999966859817505e-01 2.730999886989593506e-01 2.644000053405761719e-01
7.519999891519546509e-02 3.649999946355819702e-02 4.619999974966049194e-02 9.269999712705612183e-02 9.430000185966491699e-02 3.819999843835830688e-02 4.479999840259552002e-02 5.939999967813491821e-02 1.349000036716461182e-01 1.428000032901763916e-01 5.150000005960464478e-02 1.250000000000000000e-01 2.140000090003013611e-02 2.869999967515468597e-02 1.019999980926513672e-01 7.150000333786010742e-02
2.483000010251998901e-01 1.491000056266784668e-01 2.229000031948089600e-01 4.809999838471412659e-02 2.678999900817871094e-01 8.039999753236770630e-02 1.028999984264373779e-01 3.533000051975250244e-01 1.141000017523765564e-01 2.081000059843063354e-01 8.749999850988388062e-02 1.004000008106231689e-01 1.439000070095062256e-01 1.704999953508377075e-01 3.280999958515167236e-01 1.193000003695487976e-01
4.399999976158142090e-02 4.380000010132789612e-02 5.810000002384185791e-02 1.879999972879886627e-02 2.260000072419643402e-02 5.279999971389770508e-02 5.649999901652336121e-02 2.160000056028366089e-02 2.398000061511993408e-01 6.960000097751617432e-02 2.620000019669532776e-02 5.330000072717666626e-02 7.970000058412551880e-02 2.070000022649765015e-02 5.920000001788139343e-02 6.970000267028808594e-02
1.479000002145767212e-01 1.010000035166740417e-01 5.810000002384185791e-02 1.730999946594238281e-01 9.369999915361404419e-02 9.170000255107879639e-02 6.639999896287918091e-02 1.054000034928321838e-01 2.348999977111816406e-01 1.129999980330467224e-01 4.919999837875366211e-02 1.544999927282333374e-01 9.229999780654907227e-02 3.669999912381172180e-02 1.182999983429908752e-01 4.199999943375587463e-02
2.242999970912933350e-01 2.401999980211257935e-01 2.163999974727630615e-01 7.919999957084655762e-02 1.348000019788742065e-01 1.137999966740608215e-01 9.910000115633010864e-02 3.364999890327453613e-01 2.293000072240829468e-01 2.919999957084655762e-01 6.060000136494636536e-02 3.021000027656555176e-01 1.603000015020370483e-01 8.280000090599060059e-02 3.298999965190887451e-01 2.263000011444091797e-01
2.239999920129776001e-02 3.119999915361404419e-02 2.170000039041042328e-02 6.369999796152114868e-02 7.060000300407409668e-02 1.064999997615814209e-01 3.680000081658363342e-02 7.020000368356704712e-02 2.703999876976013184e-01 1.076000034809112549e-01 4.010000079870223999e-02 1.185000017285346985e-01 1.143999993801116943e-01 3.590000048279762268e-02 1.257999986410140991e-01 6.880000233650207520e-02
1.916999965906143188e-01 3.499999940395355225e-01 2.653999924659729004e-01 1.313000023365020752e-01 1.046999990940093994e-01 6.989999860525131226e-02 2.101999968290328979e-01 4.093999862670898438e-01 3.720000088214874268e-01 2.508000135421752930e-01 9.300000220537185669e-02 3.201000094413757324e-01 3.332000076770782471e-01 1.564999967813491821e-01 1.849000006914138794e-01 3.303000032901763916e-01
2.148000001907348633e-01 4.117000102996826172e-01 2.387000024318695068e-01 1.036000028252601624e-01 1.027000024914741516e-01 6.300000101327896118e-02 1.776999980211257935e-01 4.097000062465667725e-01 2.727000117301940918e-01 2.569000124931335449e-01 8.049999922513961792e-02 3.490999937057495117e-01 3.806000053882598877e-01 1.324000060558319092e-01 2.108000069856643677e-01 2.637000083923339844e-01
2.311999946832656860e-01 1.603000015020370483e-01 1.953999996185302734e-01 6.430000066757202148e-02 1.824000030755996704e-01 1.709000021219253540e-01 1.655000001192092896e-01 3.440999984741210938e-01 1.856999993324279785e-01 1.959999948740005493e-01 1.922000050544738770e-01 2.145999968051910400e-01 1.046999990940093994e-01 8.349999785423278809e-02 2.538999915122985840e-01 1.453000009059906006e-01
6.530000269412994385e-02 1.755000054836273193e-01 8.560000360012054443e-02 3.680000081658363342e-02 2.342000007629394531e-01 1.142000034451484680e-01 7.989999651908874512e-02 3.109999895095825195e-01 1.375000029802322388e-01 1.351000070571899414e-01 7.349999994039535522e-02 1.045999974012374878e-01 8.290000259876251221e-02 7.379999756813049316e-02 1.737000048160552979e-01 6.260000169277191162e-02
7.670000195503234863e-02 5.710000172257423401e-02 2.679999917745590210e-02 8.699999749660491943e-02 3.379999846220016479e-02 7.829999923706054688e-02 9.669999778270721436e-02 4.289999976754188538e-02 1.430999934673309326e-01 2.377000004053115845e-01 7.339999824762344360e-02 1.463000029325485229e-01 8.839999884366989136e-02 9.040000289678573608e-02 1.737000048160552979e-01 4.520000144839286804e-02
1.692000031471252441e-01 2.935000061988830566e-01 2.231999933719635010e-01 1.761000007390975952e-01 2.696999907493591309e-01 4.910000041127204895e-02 1.438000053167343140e-01 3.456999957561492920e-01 2.495999932289123535e-01 1.352999955415725708e-01 6.010000035166740417e-02 2.556000053882598877e-01 3.802999854087829590e-01 1.120999976992607117e-01 1.969999969005584717e-01 2.069000005722045898e-01
7.150000333786010742e-02 5.050000175833702087e-02 7.329999655485153198e-02 3.519999980926513672e-02 6.150000169873237610e-02 3.130000084638595581e-02 8.020000159740447998e-02 6.440000236034393311e-02 6.599999964237213135e-02 1.076000034809112549e-01 4.019999876618385315e-02 6.570000201463699341e-02 4.980000108480453491e-02 6.089999899268150330e-02 7.999999821186065674e-02 7.999999821186065674e-02
2.213999927043914795e-01 3.032999932765960693e-01 1.680999994277954102e-01 1.642999947071075439e-01 1.193000003695487976e-01 5.649999901652336121e-02 1.544999927282333374e-01 5.206999778747558594e-01 2.114000022411346436e-01 2.382999956607818604e-01 7.370000332593917847e-02 3.149000108242034912e-01 2.498999983072280884e-01 1.431999951601028442e-01 2.409999966621398926e-01 1.829999983310699463e-01
2.529999986290931702e-02 9.920000284910202026e-02 3.779999911785125732e-02 1.349000036716461182e-01 1.252000033855438232e-01 7.829999923706054688e-02 7.419999688863754272e-02 1.172000020742416382e-01 1.185000017285346985e-01 7.389999926090240479e-02 7.789999991655349731e-02 8.799999952316284180e-02 9.740000218152999878e-02 7.100000232458114624e-02 5.979999899864196777e-02 8.910000324249267578e-02
7.419999688863754272e-02 7.429999858140945435e-02 1.254999935626983643e-01 6.010000035166740417e-02 1.077999994158744812e-01 5.990000069141387939e-02 5.889999866485595703e-02 2.513999938964843750e-01 3.398000001907348633e-01 3.792999982833862305e-01 6.270000338554382324e-02 3.082999885082244873e-01 1.860000044107437134e-01 4.699999839067459106e-02 1.755000054836273193e-01 1.650999933481216431e-01
8.709999918937683105e-02 1.411000043153762817e-01 4.160000011324882507e-02 1.110000014305114746e-01 2.349999919533729553e-02 1.410000026226043701e-02 4.960000142455101013e-02 2.768999934196472168e-01 8.900000154972076416e-02 7.890000194311141968e-02 4.830000177025794983e-02 3.669999912381172180e-02 3.750000149011611938e-02 1.239999979734420776e-01 9.030000120401382446e-02 1.114000007510185242e-01
5.480000004172325134e-02 4.839999973773956299e-02 9.049999713897705078e-02 5.240000039339065552e-02 6.480000168085098267e-02 3.629999980330467224e-02 9.979999810457229614e-02 6.930000334978103638e-02 6.409999728202819824e-02 1.102000027894973755e-01 3.099999949336051941e-02 3.489999845623970032e-02 7.310000061988830566e-02 7.670000195503234863e-02 7.159999758005142212e-02 1.177999973297119141e-01
5.799999833106994629e-02 4.809999838471412659e-02 8.990000188350677490e-02 1.328999996185302734e-01 7.069999724626541138e-02 6.159999966621398926e-02 8.540000021457672119e-02 1.949999928474426270e-01 3.614000082015991211e-01 3.989000022411346436e-01 4.569999873638153076e-02 2.567000091075897217e-01 1.528999954462051392e-01 1.124999970197677612e-01 7.310000061988830566e-02 1.976000070571899414e-01
3.950000181794166565e-02 9.189999848604202271e-02 4.710000008344650269e-02 4.659999907016754150e-02 5.380000174045562744e-02 6.930000334978103638e-02 4.899999871850013733e-02 4.870000109076499939e-02 8.929999917745590210e-02 5.099999904632568359e-02 4.630000144243240356e-02 7.329999655485153198e-02 1.468999981880187988e-01 2.930000051856040955e-02 9.870000183582305908e-02 6.920000165700912476e-02
3.999999910593032837e-02 1.381999999284744263e-01 3.929999843239784241e-02 2.089999988675117493e-02 3.779999911785125732e-02 9.660000354051589966e-02 6.199999898672103882e-02 1.186000034213066101e-01 1.080000028014183044e-01 5.119999870657920837e-02 5.460000038146972656e-02 1.578000038862228394e-01 1.483000069856643677e-01 9.380000084638595581e-02 1.297000050544738770e-01 2.199999988079071045e-02
2.788999974727630615e-01 3.312000036239624023e-01 2.085999995470046997e-01 1.337999999523162842e-01 7.729999721050262451e-02 5.400000140070915222e-02 1.851000040769577026e-01 3.802999854087829590e-01 8.314999938011169434e-01 5.364999771118164062e-01 9.420000016689300537e-02 5.917000174522399902e-01 3.998999893665313721e-01 1.185000017285346985e-01 4.237000048160552979e-01 2.016000002622604370e-01
6.729999929666519165e-02 4.410000145435333252e-02 3.070000000298023224e-02 4.549999907612800598e-02 6.109999865293502808e-02 6.530000269412994385e-02 7.090000063180923462e-02 4.549999907612800598e-02 8.730000257492065430e-02 1.132000014185905457e-01 2.840000018477439880e-02 1.341000050306320190e-01 3.909999877214431763e-02 6.610000133514404297e-02 7.270000129938125610e-02 1.181999966502189636e-01
1.669999957084655762e-02 1.908999979496002197e-01 1.429999992251396179e-02 6.499999761581420898e-02 1.749999970197677612e-01 3.009999915957450867e-02 3.680000081658363342e-02 3.640000149607658386e-02 3.840000182390213013e-02 4.520000144839286804e-02 1.229999959468841553e-02 7.400000095367431641e-02 1.319999992847442627e-02 1.360000018030405045e-02 8.079999685287475586e-02 8.349999785423278809e-02
2.097000032663345337e-01 1.432999968528747559e-01 1.799000054597854614e-01 1.741999983787536621e-01 9.380000084638595581e-02 4.239999875426292419e-02 1.150999963283538818e-01 3.583000004291534424e-01 8.583999872207641602e-01 4.704999923706054688e-01 5.220000073313713074e-02 6.625000238418579102e-01 2.037999927997589111e-01 2.040999978780746460e-01 3.761000037193298340e-01 2.788999974727630615e-01
2.071000039577484131e-01 3.350000083446502686e-01 2.111999988555908203e-01 4.809999838471412659e-02 2.542999982833862305e-01 6.539999693632125854e-02 1.036000028252601624e-01 3.655999898910522461e-01 1.371999979019165039e-01 1.738999933004379272e-01 1.111999973654747009e-01 3.231000006198883057e-01 2.809999883174896240e-01 1.935999989509582520e-01 2.750000059604644775e-01 1.480000019073486328e-01
6.970000267028808594e-02 1.455000042915344238e-01 1.389999967068433762e-02 5.130000039935112000e-02 4.890000075101852417e-02 4.089999943971633911e-02 2.050000056624412537e-02 1.362999975681304932e-01 3.086999952793121338e-01 1.700000017881393433e-01 2.459999918937683105e-02 1.932999938726425171e-01 4.309999942779541016e-02 3.109999932348728180e-02 1.401000022888183594e-01 7.829999923706054688e-02
5.860000103712081909e-02 6.639999896287918091e-02 2.199999988079071045e-02 1.238999962806701660e-01 7.370000332593917847e-02 5.440000072121620178e-02 4.859999939799308777e-02 6.360000371932983398e-02 1.391000002622604370e-01 1.421999931335449219e-01 2.810000069439411163e-02 1.529999971389770508e-01 3.860000148415565491e-02 5.840000137686729431e-02 7.569999992847442627e-02 8.669999986886978149e-02
4.210000112652778625e-02 6.419999897480010986e-02 3.999999910593032837e-02 4.980000108480453491e-02 7.320000231266021729e-02 6.889999657869338989e-02 4.470000043511390686e-02 8.030000329017639160e-02 3.858999907970428467e-01 1.474000066518783569e-01 3.060000017285346985e-02 1.347000002861022949e-01 9.099999815225601196e-02 3.180000185966491699e-02 8.399999886751174927e-02 1.107999980449676514e-01
1.118000000715255737e-01 7.339999824762344360e-02 1.449999958276748657e-02 8.209999650716781616e-02 5.900000035762786865e-02 1.769999973475933075e-02 7.249999791383743286e-02 1.697999984025955200e-01 1.145000010728836060e-01 1.133999973535537720e-01 4.569999873638153076e-02 5.680000036954879761e-02 4.980000108480453491e-02 6.490000337362289429e-02 1.539999991655349731e-01 3.040000051259994507e-02
8.829999715089797974e-02 1.194999963045120239e-01 2.630000002682209015e-02 3.390000015497207642e-02 4.369999840855598450e-02 1.216000020503997803e-01 1.759999990463256836e-02 2.342000007629394531e-01 2.035000026226043701e-01 4.320000112056732178e-02 4.109999909996986389e-02 6.920000165700912476e-02 7.150000333786010742e-02 9.610000252723693848e-02 1.289999932050704956e-01 5.469999834895133972e-02
1.685000061988830566e-01 2.795000076293945312e-01 1.263999938964843750e-01 8.829999715089797974e-02 1.423999965190887451e-01 4.549999907612800598e-02 1.150999963283538818e-01 3.580999970436096191e-01 9.222999811172485352e-01 4.862000048160552979e-01 4.320000112056732178e-02 6.000999808311462402e-01 1.974000036716461182e-01 1.721999943256378174e-01 3.280999958515167236e-01 2.170999944210052490e-01
6.390000134706497192e-02 7.299999892711639404e-02 1.084000021219253540e-01 1.141000017523765564e-01 1.033999994397163391e-01 2.999999932944774628e-02 4.419999942183494568e-02 2.266000062227249146e-01 1.085999980568885803e-01 2.879000008106231689e-01 4.949999973177909851e-02 1.815000027418136597e-01 4.699999839067459106e-02 3.610000014305114746e-02 1.900999993085861206e-01 1.222999989986419678e-01
1.994999945163726807e-01 3.310999870300292969e-01 2.034000009298324585e-01 8.460000157356262207e-02 2.129999995231628418e-01 5.600000172853469849e-02 1.171000003814697266e-01 3.740000128746032715e-01 2.037999927997589111e-01 1.771000027656555176e-01 5.279999971389770508e-02 3.199000060558319092e-01 4.320999979972839355e-01 1.712000072002410889e-01 2.576000094413757324e-01 2.105000019073486328e-01
1.118000000715255737e-01 1.332000046968460083e-01 1.252000033855438232e-01 2.856999933719635010e-01 4.780000075697898865e-02 4.919999837875366211e-02 7.989999651908874512e-02 2.957000136375427246e-01 7.203000187873840332e-01 3.167000114917755127e-01 5.079999938607215881e-02 6.046000123023986816e-01 1.362999975681304932e-01 8.470000326633453369e-02 1.587000042200088501e-01 2.070000022649765015e-01
1.319999992847442627e-01 9.629999846220016479e-02 5.429999902844429016e-02 1.178999990224838257e-01 1.203999966382980347e-01 5.519999936223030090e-02 1.733999997377395630e-01 1.928000003099441528e-01 2.196000069379806519e-01 2.702000141143798828e-01 1.044000014662742615e-01 1.392000019550323486e-01 9.000000357627868652e-02 8.229999989271163940e-02 1.516000032424926758e-01 7.739999890327453613e-02
1.077999994158744812e-01 4.479999840259552002e-02 3.599999845027923584e-02 6.289999932050704956e-02 1.014000028371810913e-01 8.649999648332595825e-02 6.190000101923942566e-02 1.828999966382980347e-01 1.667000055313110352e-01 6.430000066757202148e-02 5.279999971389770508e-02 9.889999777078628540e-02 4.679999873042106628e-02 6.490000337362289429e-02 1.928000003099441528e-01 1.530000008642673492e-02
1.081999987363815308e-01 2.754000127315521240e-01 1.752000004053115845e-01 2.076999992132186890e-01 2.728999853134155273e-01 5.189999938011169434e-02 2.786999940872192383e-01 3.662999868392944336e-01 2.484000027179718018e-01 2.542999982833862305e-01 8.569999784231185913e-02 2.427999973297119141e-01 3.086999952793121338e-01 2.358999997377395630e-01 1.678999960422515869e-01 1.777999997138977051e-01
9.799999743700027466e-02 2.006999999284744263e-01 1.520999968051910400e-01 9.579999744892120361e-02 1.081999987363815308e-01 1.727000027894973755e-01 1.298000067472457886e-01 3.032999932765960693e-01 2.461999952793121338e-01 1.395999938249588013e-01 1.744000017642974854e-01 2.046999931335449219e-01 2.610000073909759521e-01 7.500000298023223877e-02 1.621000021696090698e-01 1.550000011920928955e-01
1.206000000238418579e-01 2.084999978542327881e-01 9.329999983310699463e-02 2.050000056624412537e-02 5.700000002980232239e-02 3.009999915957450867e-02 2.700000070035457611e-02 1.234000027179718018e-01 2.522999942302703857e-01 1.138999983668327332e-01 5.339999869465827942e-02 2.109999954700469971e-01 1.586000025272369385e-01 5.449999868869781494e-02 1.749999970197677612e-01 1.300999969244003296e-01
2.303999960422515869e-01 5.133000016212463379e-01 2.327000051736831665e-01 1.063999980688095093e-01 1.209999993443489075e-01 7.639999687671661377e-02 1.226999983191490173e-01 2.824000120162963867e-01 2.161999940872192383e-01 2.653000056743621826e-01 1.120999976992607117e-01 5.157999992370605469e-01 3.939999938011169434e-01 1.114000007510185242e-01 3.643000125885009766e-01 1.289999932050704956e-01
3.389999866485595703e-01 2.081999927759170532e-01 2.360000014305114746e-01 8.820000290870666504e-02 1.865999996662139893e-01 7.800000160932540894e-02 1.228000000119209290e-01 3.504999876022338867e-01 2.035000026226043701e-01 3.046999871730804443e-01 8.439999818801879883e-02 3.005999922752380371e-01 1.687999963760375977e-01 1.049000024795532227e-01 3.869000077247619629e-01 2.344000041484832764e-01
9.399999678134918213e-02 4.500000178813934326e-02 3.779999911785125732e-02 9.160000085830688477e-02 1.535000056028366089e-01 5.959999933838844299e-02 8.160000294446945190e-02 1.127000004053115845e-01 1.124000027775764465e-01 1.729000061750411987e-01 9.880000352859497070e-02 8.640000224113464355e-02 8.389999717473983765e-02 1.659999974071979523e-02 2.310000061988830566e-01 3.299999982118606567e-02
1.203000023961067200e-01 1.670999974012374878e-01 1.257999986410140991e-01 5.680000036954879761e-02 1.054000034928321838e-01 6.840000301599502563e-02 6.899999827146530151e-02 2.551999986171722412e-01 4.023000001907348633e-01 2.605000138282775879e-01 5.790000036358833313e-02 3.291999995708465576e-01 2.806000113487243652e-01 9.669999778270721436e-02 2.637999951839447021e-01 1.832000017166137695e-01
5.260000005364418030e-02 6.109999865293502808e-02 9.380000084638595581e-02 1.922000050544738770e-01 6.150000169873237610e-02 3.109999932348728180e-02 3.050000034272670746e-02 1.483000069856643677e-01 1.573999971151351929e-01 2.161000072956085205e-01 3.579999879002571106e-02 8.160000294446945190e-02 4.140000045299530029e-02 1.046999990940093994e-01 1.489000022411346436e-01 9.089999645948410034e-02
1.793999969959259033e-01 1.727000027894973755e-01 1.430999934673309326e-01 1.411000043153762817e-01 8.299999684095382690e-02 3.990000113844871521e-02 1.723999977111816406e-01 3.113999962806701660e-01 8.319000005722045898e-01 5.105999708175659180e-01 3.999999910593032837e-02 5.799999833106994629e-01 1.873999983072280884e-01 1.699000000953674316e-01 3.752000033855438232e-01 2.791000008583068848e-01
2.270999997854232788e-01 5.293999910354614258e-01 1.867000013589859009e-01 1.879000067710876465e-01 8.479999750852584839e-02 3.840000182390213013e-02 1.817000061273574829e-01 2.763999998569488525e-01 2.852999866008758545e-01 3.688000142574310303e-01 5.370000004768371582e-02 5.777999758720397949e-01 4.242999851703643799e-01 1.177000030875205994e-01 3.465999960899353027e-01 2.529000043869018555e-01
1.230000033974647522e-01 6.560000032186508179e-02 3.730000182986259460e-02 4.619999974966049194e-02 3.539999946951866150e-02 2.229999937117099762e-02 1.220000013709068298e-01 1.416999995708465576e-01 3.299999982118606567e-02 1.871999949216842651e-01 7.450000196695327759e-02 8.179999887943267822e-02 2.180000022053718567e-02 6.689999997615814209e-02 1.314000040292739868e-01 6.260000169277191162e-02
9.220000356435775757e-02 1.897000074386596680e-01 1.035000011324882507e-01 8.030000329017639160e-02 1.869000047445297241e-01 5.490000173449516296e-02 1.103999987244606018e-01 3.143000006675720215e-01 8.359999954700469971e-02 1.486999988555908203e-01 4.190000146627426147e-02 6.499999761581420898e-02 5.609999969601631165e-02 7.699999958276748657e-02 1.791999936103820801e-01 9.229999780654907227e-02
8.460000157356262207e-02 1.695999950170516968e-01 5.539999902248382568e-02 1.237000003457069397e-01 4.690000042319297791e-02 3.290000185370445251e-02 7.169999927282333374e-02 2.924000024795532227e-01 8.749999850988388062e-02 5.759999901056289673e-02 3.730000182986259460e-02 5.440000072121620178e-02 4.529999941587448120e-02 1.392000019550323486e-01 5.700000002980232239e-02 8.969999849796295166e-02
2.154999971389770508e-01 3.479999899864196777e-01 1.631000041961669922e-01 2.052000015974044800e-01 6.960000097751617432e-02 3.460000082850456238e-02 1.878000050783157349e-01 5.080000162124633789e-01 2.763000130653381348e-01 2.151000052690505981e-01 5.510000139474868774e-02 3.510999977588653564e-01 3.774999976158142090e-01 1.303000003099441528e-01 2.089000046253204346e-01 1.833000034093856812e-01
9.369999915361404419e-02 1.889999955892562866e-02 1.102999970316886902e-01 1.508000046014785767e-01 1.180000044405460358e-02 1.779999956488609314e-02 1.055999994277954102e-01 2.599999904632568359e-01 1.049999985843896866e-02 1.289999932050704956e-01 1.879999972879886627e-02 1.290000043809413910e-02 1.530000008642673492e-02 6.049999967217445374e-02 1.395000070333480835e-01 1.405999958515167236e-01
7.799999788403511047e-03 1.212999969720840454e-01 8.899999782443046570e-03 1.229999959468841553e-02 1.941999942064285278e-01 4.500000178813934326e-02 4.160000011324882507e-02 5.770000070333480835e-02 2.759999968111515045e-02 8.540000021457672119e-02 3.660000115633010864e-02 6.719999760389328003e-02 5.299999844282865524e-03 2.050000056624412537e-02 1.133000031113624573e-01 6.419999897480010986e-02
1.062000021338462830e-01 5.090000107884407043e-02 6.379999965429306030e-02 7.370000332593917847e-02 1.200999990105628967e-01 1.130999997258186340e-01 5.499999970197677612e-02 1.506000012159347534e-01 1.762000024318695068e-01 8.110000193119049072e-02 4.659999907016754150e-02 8.540000021457672119e-02 1.466999948024749756e-01 9.929999709129333496e-02 1.437000036239624023e-01 1.200000010430812836e-02
2.189999967813491821e-01 1.361999958753585815e-01 1.694999933242797852e-01 2.610000036656856537e-02 1.000000014901161194e-01 1.154000014066696167e-01 7.800000160932540894e-02 2.004999965429306030e-01 3.643000125885009766e-01 3.456000089645385742e-01 1.687999963760375977e-01 2.957000136375427246e-01 2.863000035285949707e-01 1.465999931097030640e-01 3.289999961853027344e-01 1.739999949932098389e-01
2.915999889373779297e-01 3.544000089168548584e-01 2.222999930381774902e-01 1.259000003337860107e-01 1.041999980807304382e-01 5.820000171661376953e-02 1.862999945878982544e-01 3.555999994277954102e-01 8.672999739646911621e-01 5.644999742507934570e-01 1.030000001192092896e-01 6.272000074386596680e-01 3.346999883651733398e-01 1.272999942302703857e-01 5.124999880790710449e-01 1.920000016689300537e-01
3.265999853610992432e-01 2.608999907970428467e-01 2.723999917507171631e-01 6.800000369548797607e-02 1.994999945163726807e-01 1.252000033855438232e-01 1.711000055074691772e-01 3.547999858856201172e-01 2.143999934196472168e-01 2.234999984502792358e-01 1.421999931335449219e-01 1.768999993801116943e-01 2.414000034332275391e-01 9.939999878406524658e-02 3.533999919891357422e-01 2.066999971866607666e-01
6.629999727010726929e-02 1.023999974131584167e-01 8.060000091791152954e-02 6.560000032186508179e-02 1.010999977588653564e-01 1.149000003933906555e-01 1.745000034570693970e-01 1.623000055551528931e-01 3.704000115394592285e-01 2.518999874591827393e-01 4.580000042915344238e-02 2.492000013589859009e-01 1.507000029087066650e-01 9.059999883174896240e-02 2.186000049114227295e-01 6.210000067949295044e-02
1.196999996900558472e-01 8.690000325441360474e-02 5.229999870061874390e-02 3.050000034272670746e-02 8.200000226497650146e-02 1.967999935150146484e-01 8.100000023841857910e-02 1.430999934673309326e-01 2.924999892711639404e-01 8.720000088214874268e-02 7.039999961853027344e-02 8.190000057220458984e-02 1.283999979496002197e-01 4.010000079870223999e-02 1.953999996185302734e-01 1.407999992370605469e-01
1.410000026226043701e-02 2.459999918937683105e-02 1.310000009834766388e-02 1.351000070571899414e-01 2.830000035464763641e-02 1.759999990463256836e-02 3.720000013709068298e-02 9.719999879598617554e-02 1.159999966621398926e-01 9.030000120401382446e-02 1.059999968856573105e-02 1.013000011444091797e-01 1.033999994397163391e-01 1.850000023841857910e-02 3.700000001117587090e-03 1.224000006914138794e-01
1.513999998569488525e-01 3.010999858379364014e-01 1.851000040769577026e-01 2.481999993324279785e-01 8.980000019073486328e-02 2.400000020861625671e-02 1.071000024676322937e-01 2.912999987602233887e-01 8.229999989271163940e-02 8.519999682903289795e-02 3.680000081658363342e-02 2.353000044822692871e-01 2.633000016212463379e-01 8.280000090599060059e-02 9.070000052452087402e-02 1.491000056266784668e-01
1.865999996662139893e-01 3.535999953746795654e-01 2.037000060081481934e-01 1.606000065803527832e-01 2.116000056266784668e-01 4.390000179409980774e-02 9.120000153779983521e-02 3.565999865531921387e-01 1.729000061750411987e-01 1.336999982595443726e-01 4.540000110864639282e-02 3.043000102043151855e-01 4.032000005245208740e-01 1.314000040292739868e-01 2.135999947786331177e-01 1.827999949455261230e-01
4.720000177621841431e-02 1.400000043213367462e-02 6.449999660253524780e-02 4.749999940395355225e-02 2.419999986886978149e-02 1.720000058412551880e-02 5.350000038743019104e-02 1.729000061750411987e-01 4.720000177621841431e-02 8.600000292062759399e-02 5.220000073313713074e-02 4.850000143051147461e-02 6.610000133514404297e-02 1.099999994039535522e-02 5.999999865889549255e-02 3.530000150203704834e-02
7.840000092983245850e-02 1.524000018835067749e-01 1.209999993443489075e-02 4.170000180602073669e-02 5.869999900460243225e-02 5.009999871253967285e-02 2.339999936521053314e-02 9.969999641180038452e-02 3.580999970436096191e-01 2.148000001907348633e-01 3.040000051259994507e-02 1.600999981164932251e-01 7.169999927282333374e-02 4.010000079870223999e-02 1.257999986410140991e-01 1.002999991178512573e-01
1.198000013828277588e-01 1.817000061273574829e-01 6.539999693632125854e-02 3.750000149011611938e-02 7.519999891519546509e-02 2.759999968111515045e-02 1.590000092983245850e-02 1.137999966740608215e-01 2.425999939441680908e-01 1.216000020503997803e-01 4.639999940991401672e-02 2.518999874591827393e-01 1.291999965906143188e-01 4.369999840855598450e-02 1.644999980926513672e-01 2.538000047206878662e-01
3.819999843835830688e-02 4.259999841451644897e-02 2.040000073611736298e-02 1.163000017404556274e-01 1.181999966502189636e-01 7.320000231266021729e-02 1.630000025033950806e-02 6.989999860525131226e-02 1.221000030636787415e-01 1.209999993443489075e-01 9.019999951124191284e-02 5.770000070333480835e-02 8.250000327825546265e-02 4.219999909400939941e-02 1.299999952316284180e-01 9.570000320672988892e-02
2.203000038862228394e-01 2.833000123500823975e-01 1.782000064849853516e-01 1.280000060796737671e-01 1.497000008821487427e-01 5.539999902248382568e-02 1.483999937772750854e-01 4.753000140190124512e-01 1.520999968051910400e-01 1.665000021457672119e-01 7.020000368356704712e-02 2.605000138282775879e-01 3.048999905586242676e-01 1.474999934434890747e-01 2.371000051498413086e-01 2.136999964714050293e-01
3.079999983310699463e-02 5.609999969601631165e-02 7.119999825954437256e-02 1.535000056028366089e-01 1.291999965906143188e-01 1.172999963164329529e-01 1.133999973535537720e-01 1.418000012636184692e-01 3.158999979496002197e-01 2.917000055313110352e-01 1.045999974012374878e-01 2.470999956130981445e-01 1.419000029563903809e-01 7.140000164508819580e-02 1.547999978065490723e-01 1.237000003457069397e-01
6.219999864697456360e-02 2.328000068664550781e-01 4.439999908208847046e-02 8.760000020265579224e-02 9.979999810457229614e-02 3.170000016689300537e-02 1.640000008046627045e-02 2.020000070333480835e-01 2.330999970436096191e-01 2.296999990940093994e-01 1.269999984651803970e-02 2.689999938011169434e-01 7.789999991655349731e-02 3.440000116825103760e-02 1.710000038146972656e-01 9.560000151395797729e-02
1.272000074386596680e-01 1.307000070810317993e-01 6.530000269412994385e-02 3.689999878406524658e-02 6.750000268220901489e-02 7.289999723434448242e-02 6.159999966621398926e-02 4.459999874234199524e-02 3.000000119209289551e-01 8.910000324249267578e-02 6.239999830722808838e-02 1.158000007271766663e-01 1.298999935388565063e-01 1.040999963879585266e-01 2.567999958992004395e-01 7.259999960660934448e-02
2.740000002086162567e-02 3.500000014901161194e-02 5.189999938011169434e-02 1.098999977111816406e-01 1.968999952077865601e-01 1.489000022411346436e-01 5.660000070929527283e-02 7.930000126361846924e-02 9.030000120401382446e-02 2.048999965190887451e-01 1.107999980449676514e-01 9.160000085830688477e-02 8.910000324249267578e-02 1.032000035047531128e-01 1.366000026464462280e-01 5.059999972581863403e-02
2.781000137329101562e-01 4.117000102996826172e-01 1.817000061273574829e-01 9.049999713897705078e-02 1.472000032663345337e-01 7.789999991655349731e-02 1.322000026702880859e-01 2.648999989032745361e-01 3.037999868392944336e-01 3.828000128269195557e-01 1.044000014662742615e-01 5.831999778747558594e-01 2.976000010967254639e-01 1.969999969005584717e-01 3.519999980926513672e-01 2.522000074386596680e-01
1.187999993562698364e-01 7.090000063180923462e-02 1.509000062942504883e-01 1.706999987363815308e-01 1.499999966472387314e-02 3.189999982714653015e-02 7.270000129938125610e-02 2.728999853134155273e-01 2.730000019073486328e-02 9.120000153779983521e-02 4.529999941587448120e-02 1.909999921917915344e-02 9.100000374019145966e-03 4.949999973177909851e-02 6.549999862909317017e-02 1.190999969840049744e-01
2.590000070631504059e-02 1.543000042438507080e-01 3.060000017285346985e-02 5.869999900460243225e-02 1.414999961853027344e-01 4.659999907016754150e-02 1.520000025629997253e-02 8.730000257492065430e-02 1.508000046014785767e-01 7.389999926090240479e-02 1.260000001639127731e-02 1.468999981880187988e-01 5.499999970197677612e-02 3.869999945163726807e-02 1.023000031709671021e-01 1.067999973893165588e-01
1.024999991059303284e-01 1.378999948501586914e-01 1.045999974012374878e-01 2.730000019073486328e-02 4.540000110864639282e-02 1.571999937295913696e-01 9.170000255107879639e-02 3.190999925136566162e-01 2.153999954462051392e-01 1.430000066757202148e-01 9.220000356435775757e-02 1.537999957799911499e-01 1.243999972939491272e-01 9.399999678134918213e-02 1.916999965906143188e-01 8.649999648332595825e-02
1.797000020742416382e-01 2.867000102996826172e-01 1.775999963283538818e-01 1.611000001430511475e-01 1.199000030755996704e-01 4.729999974370002747e-02 6.920000165700912476e-02 3.801000118255615234e-01 8.952000141143798828e-01 4.302000105381011963e-01 8.089999854564666748e-02 6.298000216484069824e-01 1.993999928236007690e-01 1.440999954938888550e-01 3.497000038623809814e-01 2.081999927759170532e-01
4.360000044107437134e-02 1.759999990463256836e-01 2.859999984502792358e-02 7.259999960660934448e-02 7.689999788999557495e-02 3.629999980330467224e-02 5.150000005960464478e-02 5.229999870061874390e-02 9.149999916553497314e-02 8.309999853372573853e-02 1.569999940693378448e-02 1.054000034928321838e-01 7.590000331401824951e-02 3.079999983310699463e-02 9.759999811649322510e-02 8.969999849796295166e-02
4.940000176429748535e-02 1.809999942779541016e-01 1.465999931097030640e-01 2.353000044822692871e-01 1.791000068187713623e-01 5.389999970793724060e-02 1.040999963879585266e-01 2.685000002384185791e-01 5.343000292778015137e-01 2.942000031471252441e-01 6.010000035166740417e-02 5.688999891281127930e-01 1.272000074386596680e-01 4.320000112056732178e-02 2.336000055074691772e-01 1.576000005006790161e-01
1.324999928474426270e-01 1.689999997615814209e-01 2.339999973773956299e-01 2.840000092983245850e-01 1.397999972105026245e-01 5.059999972581863403e-02 2.834999859333038330e-01 2.808000147342681885e-01 1.764000058174133301e-01 1.120999976992607117e-01 7.190000265836715698e-02 1.932999938726425171e-01 2.294999957084655762e-01 8.070000261068344116e-02 8.590000122785568237e-02 3.402000069618225098e-01
1.049999967217445374e-01 5.339999869465827942e-02 5.480000004172325134e-02 5.090000107884407043e-02 6.080000102519989014e-02 4.010000079870223999e-02 9.520000219345092773e-02 1.401000022888183594e-01 4.809999838471412659e-02 1.739999949932098389e-01 7.779999822378158569e-02 8.429999649524688721e-02 3.730000182986259460e-02 9.009999781847000122e-02 1.541000008583068848e-01 5.370000004768371582e-02
5.380000174045562744e-02 9.030000120401382446e-02 2.129999920725822449e-02 5.579999834299087524e-02 3.209999948740005493e-02 5.029999837279319763e-02 1.489999983459711075e-02 1.904000043869018555e-01 2.700000107288360596e-01 1.423999965190887451e-01 1.569999940693378448e-02 3.179000020027160645e-01 9.290000051259994507e-02 2.779999934136867523e-02 1.859000027179718018e-01 4.749999940395355225e-02
1.225999966263771057e-01 9.579999744892120361e-02 7.680000364780426025e-02 9.849999845027923584e-02 1.560000032186508179e-01 1.054000034928321838e-01 1.544999927282333374e-01 1.349000036716461182e-01 3.149999976158142090e-01 3.199000060558319092e-01 9.059999883174896240e-02 2.822999954223632812e-01 1.533000022172927856e-01 6.060000136494636536e-02 2.427999973297119141e-01 5.680000036954879761e-02
8.640000224113464355e-02 6.440000236034393311e-02 1.109999977052211761e-02 1.500999927520751953e-01 2.810000069439411163e-02 3.819999843835830688e-02 2.319999970495700836e-02 5.180000141263008118e-02 1.668999940156936646e-01 7.639999687671661377e-02 1.470000017434358597e-02 6.849999725818634033e-02 6.899999920278787613e-03 1.720000058412551880e-02 1.689999923110008240e-02 7.150000333786010742e-02
7.069999724626541138e-02 1.873999983072280884e-01 1.071000024676322937e-01 9.889999777078628540e-02 7.050000131130218506e-02 1.275999993085861206e-01 1.121999993920326233e-01 3.233000040054321289e-01 2.980000078678131104e-01 2.554000020027160645e-01 1.058999970555305481e-01 2.084999978542327881e-01 2.502000033855438232e-01 8.659999817609786987e-02 1.899999976158142090e-01 2.739999890327453613e-01
2.979999966919422150e-02 9.359999746084213257e-02 1.940000057220458984e-02 1.045999974012374878e-01 1.128999963402748108e-01 7.639999687671661377e-02 1.240000035613775253e-02 5.290000140666961670e-02 1.658000051975250244e-01 4.600000008940696716e-02 6.700000166893005371e-02 6.300000101327896118e-02 4.560000076889991760e-02 5.180000141263008118e-02 1.538999974727630615e-01 1.263000071048736572e-01
1.363999992609024048e-01 6.430000066757202148e-02 4.340000078082084656e-02 1.014999970793724060e-01 5.169999971985816956e-02 6.710000336170196533e-02 5.620000138878822327e-02 1.147999987006187439e-01 2.210000008344650269e-01 1.863999962806701660e-01 1.032000035047531128e-01 8.320000022649765015e-02 1.456000059843063354e-01 6.790000200271606445e-02 1.493999958038330078e-01 1.005000025033950806e-01
1.324999928474426270e-01 9.229999780654907227e-02 4.630000144243240356e-02 6.700000166893005371e-02 1.446000039577484131e-01 2.300000004470348358e-02 6.490000337362289429e-02 4.320000112056732178e-02 1.280000060796737671e-01 1.873999983072280884e-01 5.409999936819076538e-02 1.457999944686889648e-01 4.919999837875366211e-02 4.230000078678131104e-02 3.294999897480010986e-01 5.490000173449516296e-02
1.931000053882598877e-01 1.911000013351440430e-01 1.535000056028366089e-01 8.659999817609786987e-02 9.920000284910202026e-02 1.089000031352043152e-01 2.108000069856643677e-01 2.314999997615814209e-01 9.358000159263610840e-01 5.925999879837036133e-01 1.292999982833862305e-01 5.752999782562255859e-01 2.010000050067901611e-01 9.809999912977218628e-02 4.077000021934509277e-01 2.198999971151351929e-01
1.647000014781951904e-01 2.576000094413757324e-01 1.789000034332275391e-01 1.010999977588653564e-01 1.509999930858612061e-01 4.399999976158142090e-02 1.913000047206878662e-01 3.294999897480010986e-01 9.117000102996826172e-01 5.490000247955322266e-01 9.269999712705612183e-02 5.899999737739562988e-01 2.319999933242797852e-01 1.235999986529350281e-01 3.894999921321868896e-01 2.657999992370605469e-01
5.189999938011169434e-02 5.719999969005584717e-02 1.550000011920928955e-01 1.670999974012374878e-01 6.719999760389328003e-02 5.970000103116035461e-02 7.549999654293060303e-02 2.118999958038330078e-01 3.765999972820281982e-01 4.079000055789947510e-01 5.260000005364418030e-02 3.355000019073486328e-01 1.493999958038330078e-01 2.025000005960464478e-01 6.499999761581420898e-02 1.670999974012374878e-01
1.164999976754188538e-01 4.280000180006027222e-02 4.710000008344650269e-02 7.500000298023223877e-02 3.070000000298023224e-02 2.740000002086162567e-02 5.290000140666961670e-02 9.880000352859497070e-02 1.769999973475933075e-02 1.296000033617019653e-01 8.489999920129776001e-02 7.680000364780426025e-02 2.410000003874301910e-02 3.500000014901161194e-02 1.186000034213066101e-01 6.740000098943710327e-02
1.395000070333480835e-01 8.550000190734863281e-02 7.810000330209732056e-02 6.260000169277191162e-02 1.430000066757202148e-01 1.054000034928321838e-01 1.764999926090240479e-01 1.911000013351440430e-01 2.791999876499176025e-01 2.809000015258789062e-01 7.810000330209732056e-02 2.032999992370605469e-01 1.125999987125396729e-01 9.049999713897705078e-02 1.774999946355819702e-01 7.000000029802322388e-02
