i	A1	B1	clustID
0.0	33.0	167.0	44.0
1.0	34.0	167.0	44.0
2.0	37.0	167.0	18.0
3.0	37.0	169.0	18.0
4.0	37.0	203.0	13.0
5.0	38.0	167.0	18.0
6.0	38.0	168.0	18.0
7.0	38.0	169.0	18.0
8.0	38.0	203.0	13.0
9.0	38.0	204.0	13.0
10.0	38.0	389.0	28.0
11.0	38.0	390.0	28.0
12.0	38.0	170.0	18.0
13.0	43.0	203.0	14.0
14.0	43.0	169.0	68.0
15.0	43.0	198.0	57.0
16.0	43.0	202.0	14.0
17.0	43.0	171.0	40.0
18.0	43.0	204.0	14.0
19.0	44.0	169.0	68.0
20.0	44.0	170.0	68.0
21.0	44.0	171.0	40.0
22.0	44.0	202.0	14.0
23.0	44.0	204.0	14.0
24.0	44.0	168.0	68.0
25.0	44.0	206.0	14.0
26.0	44.0	205.0	14.0
27.0	44.0	389.0	28.0
28.0	44.0	385.0	28.0
29.0	45.0	202.0	14.0
30.0	45.0	204.0	14.0
31.0	45.0	205.0	6.0
32.0	45.0	171.0	32.0
33.0	45.0	194.0	20.0
34.0	45.0	195.0	20.0
35.0	45.0	206.0	6.0
36.0	45.0	230.0	47.0
37.0	45.0	249.0	47.0
38.0	45.0	172.0	32.0
39.0	45.0	173.0	32.0
40.0	46.0	170.0	32.0
41.0	46.0	171.0	32.0
42.0	46.0	173.0	32.0
43.0	46.0	206.0	6.0
44.0	46.0	172.0	32.0
45.0	46.0	208.0	6.0
46.0	47.0	206.0	6.0
47.0	47.0	207.0	6.0
48.0	47.0	208.0	6.0
49.0	47.0	173.0	8.0
50.0	47.0	226.0	11.0
51.0	47.0	205.0	6.0
52.0	47.0	195.0	20.0
53.0	47.0	230.0	11.0
54.0	47.0	191.0	73.0
55.0	48.0	226.0	48.0
56.0	48.0	208.0	63.0
57.0	48.0	222.0	48.0
58.0	48.0	221.0	48.0
59.0	49.0	208.0	63.0
60.0	49.0	221.0	48.0
61.0	49.0	217.0	NA
62.0	49.0	177.0	1.0
63.0	50.0	177.0	1.0
64.0	50.0	213.0	15.0
65.0	51.0	213.0	15.0
66.0	51.0	210.0	15.0
67.0	51.0	256.0	61.0
68.0	51.0	257.0	61.0
69.0	52.0	210.0	15.0
70.0	52.0	257.0	61.0
71.0	52.0	208.0	45.0
72.0	52.0	209.0	45.0
73.0	52.0	213.0	15.0
74.0	52.0	256.0	61.0
75.0	53.0	256.0	61.0
76.0	53.0	257.0	61.0
77.0	53.0	373.0	94.0
78.0	54.0	208.0	45.0
79.0	54.0	172.0	16.0
80.0	54.0	206.0	90.0
81.0	54.0	173.0	16.0
82.0	54.0	176.0	81.0
83.0	55.0	172.0	16.0
84.0	55.0	119.0	37.0
85.0	55.0	173.0	16.0
86.0	56.0	373.0	95.0
87.0	57.0	256.0	50.0
88.0	57.0	373.0	38.0
89.0	57.0	381.0	38.0
90.0	57.0	371.0	38.0
91.0	57.0	254.0	50.0
92.0	57.0	385.0	82.0
93.0	57.0	208.0	45.0
94.0	57.0	255.0	50.0
95.0	58.0	385.0	82.0
96.0	58.0	137.0	56.0
97.0	58.0	170.0	55.0
98.0	58.0	172.0	16.0
99.0	60.0	372.0	52.0
100.0	60.0	373.0	52.0
101.0	60.0	381.0	31.0
102.0	60.0	375.0	52.0
103.0	60.0	376.0	52.0
104.0	60.0	374.0	52.0
105.0	60.0	382.0	31.0
106.0	61.0	381.0	31.0
107.0	61.0	382.0	31.0
108.0	61.0	385.0	31.0
109.0	61.0	140.0	58.0
110.0	61.0	168.0	NA
111.0	61.0	170.0	55.0
112.0	62.0	140.0	58.0
113.0	62.0	137.0	79.0
114.0	62.0	138.0	79.0
115.0	62.0	170.0	55.0
116.0	119.0	177.0	65.0
117.0	119.0	173.0	65.0
118.0	119.0	176.0	65.0
119.0	119.0	172.0	65.0
120.0	132.0	176.0	76.0
121.0	132.0	190.0	46.0
122.0	132.0	173.0	76.0
123.0	134.0	176.0	76.0
124.0	134.0	194.0	71.0
125.0	168.0	385.0	84.0
126.0	168.0	389.0	84.0
127.0	168.0	390.0	84.0
128.0	170.0	385.0	NA
129.0	171.0	194.0	59.0
130.0	191.0	226.0	26.0
131.0	191.0	229.0	26.0
132.0	192.0	229.0	26.0
133.0	194.0	241.0	5.0
134.0	195.0	230.0	80.0
135.0	195.0	236.0	27.0
136.0	195.0	226.0	80.0
137.0	195.0	229.0	80.0
138.0	195.0	241.0	5.0
139.0	195.0	249.0	75.0
140.0	196.0	236.0	27.0
141.0	196.0	241.0	5.0
142.0	202.0	241.0	5.0
143.0	202.0	249.0	33.0
144.0	202.0	246.0	87.0
145.0	203.0	246.0	87.0
146.0	203.0	249.0	33.0
147.0	203.0	250.0	33.0
148.0	204.0	249.0	33.0
149.0	204.0	250.0	33.0
150.0	204.0	389.0	22.0
151.0	205.0	250.0	33.0
152.0	205.0	251.0	70.0
153.0	205.0	230.0	9.0
154.0	205.0	249.0	33.0
155.0	205.0	252.0	70.0
156.0	205.0	389.0	22.0
157.0	206.0	252.0	70.0
158.0	206.0	254.0	35.0
159.0	206.0	384.0	25.0
160.0	206.0	385.0	25.0
161.0	206.0	369.0	25.0
162.0	206.0	389.0	22.0
163.0	207.0	251.0	35.0
164.0	207.0	252.0	35.0
165.0	207.0	253.0	35.0
166.0	207.0	254.0	35.0
167.0	207.0	227.0	9.0
168.0	207.0	226.0	9.0
169.0	207.0	230.0	9.0
170.0	208.0	254.0	12.0
171.0	208.0	255.0	12.0
172.0	208.0	256.0	12.0
173.0	209.0	253.0	12.0
174.0	209.0	254.0	12.0
175.0	209.0	255.0	12.0
176.0	209.0	256.0	12.0
177.0	209.0	290.0	43.0
178.0	209.0	295.0	10.0
179.0	209.0	368.0	88.0
180.0	209.0	369.0	88.0
181.0	209.0	283.0	60.0
182.0	209.0	291.0	10.0
183.0	209.0	292.0	10.0
184.0	209.0	370.0	88.0
185.0	210.0	290.0	43.0
186.0	210.0	256.0	4.0
187.0	210.0	257.0	4.0
188.0	211.0	255.0	4.0
189.0	211.0	256.0	4.0
190.0	211.0	257.0	4.0
191.0	211.0	290.0	43.0
192.0	211.0	283.0	60.0
193.0	211.0	258.0	4.0
194.0	211.0	370.0	98.0
195.0	212.0	257.0	4.0
196.0	213.0	290.0	43.0
197.0	213.0	257.0	4.0
198.0	214.0	290.0	36.0
199.0	219.0	290.0	36.0
200.0	219.0	253.0	66.0
201.0	219.0	295.0	2.0
202.0	219.0	302.0	21.0
203.0	219.0	294.0	2.0
204.0	222.0	253.0	66.0
205.0	223.0	302.0	21.0
206.0	223.0	294.0	2.0
207.0	223.0	297.0	2.0
208.0	227.0	302.0	21.0
209.0	227.0	366.0	3.0
210.0	231.0	366.0	3.0
211.0	250.0	389.0	39.0
212.0	250.0	367.0	0.0
213.0	250.0	388.0	39.0
214.0	251.0	367.0	0.0
215.0	251.0	366.0	0.0
216.0	251.0	389.0	39.0
217.0	251.0	354.0	49.0
218.0	252.0	366.0	0.0
219.0	252.0	367.0	0.0
220.0	252.0	369.0	93.0
221.0	252.0	384.0	51.0
222.0	252.0	389.0	39.0
223.0	253.0	366.0	0.0
224.0	253.0	367.0	0.0
225.0	253.0	368.0	7.0
226.0	253.0	369.0	7.0
227.0	253.0	295.0	89.0
228.0	253.0	302.0	91.0
229.0	253.0	294.0	89.0
230.0	254.0	369.0	7.0
231.0	254.0	371.0	34.0
232.0	254.0	384.0	7.0
233.0	255.0	368.0	7.0
234.0	255.0	369.0	7.0
235.0	255.0	370.0	34.0
236.0	255.0	371.0	34.0
237.0	256.0	371.0	29.0
238.0	256.0	372.0	29.0
239.0	256.0	373.0	29.0
240.0	257.0	371.0	29.0
241.0	257.0	372.0	29.0
242.0	257.0	373.0	24.0
243.0	258.0	371.0	19.0
244.0	258.0	372.0	19.0
245.0	258.0	375.0	24.0
246.0	258.0	370.0	19.0
247.0	258.0	378.0	19.0
248.0	258.0	377.0	19.0
249.0	259.0	372.0	24.0
250.0	259.0	374.0	24.0
251.0	259.0	375.0	24.0
252.0	259.0	377.0	24.0
253.0	264.0	374.0	NA
254.0	283.0	370.0	54.0
255.0	290.0	370.0	54.0
256.0	291.0	370.0	54.0
257.0	292.0	370.0	54.0
258.0	367.0	389.0	69.0
259.0	367.0	384.0	69.0
260.0	367.0	388.0	69.0
261.0	369.0	389.0	97.0
262.0	369.0	388.0	97.0
263.0	48.0	177.0	1.0
264.0	49.0	209.0	63.0
265.0	54.0	256.0	50.0
266.0	54.0	177.0	81.0
267.0	54.0	119.0	37.0
268.0	57.0	372.0	38.0
269.0	61.0	142.0	58.0
270.0	169.0	203.0	83.0
271.0	170.0	206.0	NA
272.0	192.0	226.0	26.0
273.0	192.0	236.0	27.0
274.0	204.0	251.0	70.0
275.0	208.0	253.0	12.0
276.0	211.0	368.0	42.0
277.0	212.0	256.0	4.0
278.0	212.0	283.0	60.0
279.0	212.0	290.0	43.0
280.0	214.0	291.0	36.0
281.0	219.0	368.0	42.0
282.0	253.0	342.0	72.0
283.0	254.0	368.0	7.0
284.0	259.0	371.0	24.0
285.0	290.0	368.0	86.0
286.0	43.0	196.0	57.0
287.0	43.0	193.0	57.0
288.0	43.0	194.0	57.0
289.0	43.0	195.0	57.0
290.0	44.0	203.0	14.0
291.0	44.0	390.0	28.0
292.0	44.0	194.0	57.0
293.0	46.0	194.0	20.0
294.0	46.0	385.0	62.0
295.0	46.0	190.0	73.0
296.0	47.0	194.0	20.0
297.0	47.0	177.0	1.0
298.0	47.0	190.0	73.0
299.0	48.0	173.0	8.0
300.0	48.0	207.0	63.0
301.0	49.0	213.0	15.0
302.0	49.0	226.0	48.0
303.0	52.0	254.0	NA
304.0	55.0	134.0	37.0
305.0	56.0	256.0	50.0
306.0	56.0	381.0	38.0
307.0	58.0	134.0	23.0
308.0	58.0	135.0	23.0
309.0	58.0	136.0	56.0
310.0	58.0	171.0	55.0
311.0	59.0	137.0	56.0
312.0	61.0	387.0	31.0
313.0	63.0	137.0	79.0
314.0	135.0	194.0	71.0
315.0	140.0	382.0	41.0
316.0	172.0	194.0	59.0
317.0	176.0	226.0	17.0
318.0	177.0	226.0	17.0
319.0	190.0	226.0	26.0
320.0	190.0	229.0	26.0
321.0	190.0	236.0	27.0
322.0	191.0	236.0	27.0
323.0	191.0	234.0	27.0
324.0	203.0	389.0	22.0
325.0	207.0	366.0	3.0
326.0	208.0	371.0	64.0
327.0	211.0	371.0	98.0
328.0	222.0	302.0	21.0
329.0	222.0	366.0	3.0
330.0	252.0	388.0	39.0
331.0	254.0	370.0	34.0
332.0	256.0	381.0	29.0
333.0	257.0	370.0	29.0
334.0	34.0	168.0	44.0
335.0	37.0	138.0	85.0
336.0	37.0	142.0	85.0
337.0	43.0	136.0	67.0
338.0	43.0	138.0	67.0
339.0	47.0	176.0	1.0
340.0	47.0	251.0	NA
341.0	48.0	176.0	1.0
342.0	49.0	222.0	48.0
343.0	49.0	207.0	63.0
344.0	50.0	176.0	1.0
345.0	53.0	210.0	15.0
346.0	57.0	170.0	55.0
347.0	57.0	206.0	90.0
348.0	61.0	137.0	56.0
349.0	63.0	140.0	58.0
350.0	63.0	135.0	23.0
351.0	134.0	190.0	46.0
352.0	136.0	194.0	71.0
353.0	173.0	230.0	NA
354.0	177.0	230.0	17.0
355.0	177.0	207.0	17.0
356.0	177.0	221.0	17.0
357.0	191.0	230.0	26.0
358.0	192.0	241.0	5.0
359.0	195.0	251.0	75.0
360.0	206.0	250.0	33.0
361.0	207.0	256.0	12.0
362.0	211.0	295.0	10.0
363.0	214.0	283.0	60.0
364.0	254.0	381.0	34.0
365.0	254.0	378.0	34.0
366.0	254.0	385.0	7.0
367.0	254.0	389.0	7.0
368.0	259.0	373.0	24.0
369.0	37.0	168.0	18.0
370.0	38.0	198.0	13.0
371.0	38.0	202.0	13.0
372.0	43.0	192.0	57.0
373.0	57.0	384.0	82.0
374.0	57.0	377.0	38.0
375.0	60.0	140.0	58.0
376.0	173.0	226.0	17.0
377.0	198.0	241.0	5.0
378.0	214.0	294.0	36.0
379.0	250.0	354.0	49.0
380.0	250.0	366.0	0.0
381.0	252.0	368.0	7.0
382.0	252.0	383.0	51.0
383.0	38.0	250.0	53.0
384.0	45.0	191.0	73.0
385.0	49.0	173.0	8.0
386.0	49.0	176.0	1.0
387.0	50.0	173.0	8.0
388.0	58.0	381.0	38.0
389.0	132.0	194.0	71.0
390.0	168.0	204.0	83.0
391.0	171.0	202.0	59.0
392.0	211.0	292.0	43.0
393.0	219.0	291.0	36.0
394.0	228.0	302.0	21.0
395.0	252.0	370.0	93.0
396.0	252.0	371.0	93.0
397.0	258.0	373.0	24.0
398.0	368.0	388.0	69.0
399.0	37.0	198.0	13.0
400.0	43.0	170.0	68.0
401.0	43.0	168.0	68.0
402.0	45.0	241.0	47.0
403.0	46.0	61.0	NA
404.0	47.0	171.0	8.0
405.0	47.0	172.0	8.0
406.0	51.0	176.0	1.0
407.0	52.0	176.0	1.0
408.0	52.0	373.0	94.0
409.0	55.0	135.0	37.0
410.0	56.0	374.0	95.0
411.0	59.0	135.0	23.0
412.0	181.0	226.0	92.0
413.0	181.0	229.0	92.0
414.0	205.0	241.0	5.0
415.0	205.0	227.0	9.0
416.0	212.0	264.0	NA
417.0	227.0	342.0	77.0
418.0	231.0	342.0	77.0
419.0	251.0	388.0	39.0
420.0	251.0	342.0	72.0
421.0	252.0	385.0	51.0
422.0	254.0	377.0	34.0
423.0	256.0	377.0	29.0
424.0	258.0	369.0	19.0
425.0	366.0	388.0	69.0
426.0	38.0	194.0	57.0
427.0	43.0	205.0	14.0
428.0	43.0	249.0	53.0
429.0	45.0	193.0	20.0
430.0	46.0	226.0	11.0
431.0	51.0	177.0	1.0
432.0	51.0	373.0	94.0
433.0	53.0	208.0	45.0
434.0	54.0	226.0	11.0
435.0	54.0	171.0	16.0
436.0	55.0	177.0	81.0
437.0	59.0	376.0	52.0
438.0	61.0	390.0	NA
439.0	134.0	193.0	46.0
440.0	169.0	194.0	30.0
441.0	170.0	194.0	30.0
442.0	171.0	193.0	59.0
443.0	204.0	390.0	22.0
444.0	210.0	255.0	4.0
445.0	222.0	254.0	66.0
446.0	256.0	370.0	29.0
447.0	257.0	374.0	24.0
448.0	283.0	368.0	86.0
449.0	33.0	142.0	NA
450.0	33.0	169.0	44.0
451.0	43.0	167.0	18.0
452.0	43.0	390.0	28.0
453.0	45.0	170.0	32.0
454.0	47.0	229.0	11.0
455.0	55.0	132.0	37.0
456.0	55.0	137.0	56.0
457.0	59.0	172.0	16.0
458.0	61.0	384.0	31.0
459.0	171.0	195.0	59.0
460.0	188.0	229.0	26.0
461.0	188.0	236.0	27.0
462.0	198.0	246.0	87.0
463.0	203.0	241.0	5.0
464.0	211.0	291.0	43.0
465.0	34.0	196.0	NA
466.0	44.0	384.0	62.0
467.0	45.0	384.0	62.0
468.0	46.0	191.0	73.0
469.0	50.0	208.0	63.0
470.0	50.0	210.0	15.0
471.0	52.0	381.0	NA
472.0	57.0	378.0	38.0
473.0	60.0	378.0	31.0
474.0	61.0	378.0	31.0
475.0	140.0	390.0	41.0
476.0	140.0	385.0	41.0
477.0	168.0	203.0	83.0
478.0	169.0	198.0	30.0
479.0	203.0	390.0	22.0
480.0	203.0	384.0	96.0
481.0	204.0	384.0	96.0
482.0	205.0	384.0	25.0
483.0	205.0	231.0	9.0
484.0	206.0	381.0	25.0
485.0	208.0	373.0	64.0
486.0	208.0	381.0	64.0
487.0	210.0	295.0	10.0
488.0	220.0	302.0	21.0
489.0	246.0	354.0	49.0
490.0	250.0	384.0	39.0
491.0	252.0	381.0	51.0
492.0	253.0	292.0	89.0
493.0	253.0	381.0	51.0
494.0	255.0	381.0	34.0
495.0	256.0	378.0	29.0
496.0	259.0	376.0	24.0
497.0	45.0	207.0	6.0
498.0	49.0	225.0	48.0
499.0	192.0	234.0	27.0
500.0	209.0	342.0	74.0
501.0	253.0	384.0	51.0
502.0	37.0	140.0	85.0
503.0	58.0	140.0	58.0
504.0	132.0	188.0	46.0
505.0	207.0	302.0	NA
506.0	222.0	295.0	2.0
507.0	249.0	366.0	0.0
508.0	251.0	302.0	91.0
509.0	252.0	302.0	91.0
510.0	258.0	368.0	19.0
511.0	354.0	388.0	NA
512.0	45.0	196.0	20.0
513.0	132.0	191.0	46.0
514.0	193.0	236.0	27.0
515.0	206.0	230.0	9.0
516.0	219.0	297.0	2.0
517.0	46.0	254.0	78.0
518.0	54.0	135.0	37.0
519.0	60.0	383.0	31.0
520.0	60.0	377.0	52.0
521.0	63.0	138.0	79.0
522.0	209.0	257.0	4.0
523.0	211.0	254.0	4.0
524.0	44.0	58.0	NA
525.0	46.0	256.0	78.0
526.0	47.0	222.0	48.0
527.0	50.0	212.0	15.0
528.0	50.0	257.0	61.0
529.0	51.0	212.0	15.0
530.0	52.0	212.0	15.0
531.0	134.0	191.0	46.0
532.0	204.0	252.0	70.0
533.0	205.0	226.0	9.0
534.0	223.0	366.0	3.0
535.0	223.0	253.0	66.0
536.0	367.0	387.0	69.0
537.0	34.0	203.0	13.0
538.0	43.0	173.0	40.0
539.0	45.0	385.0	62.0
540.0	48.0	172.0	8.0
541.0	59.0	373.0	52.0
542.0	177.0	222.0	17.0
543.0	177.0	227.0	17.0
544.0	204.0	241.0	5.0
545.0	207.0	342.0	74.0
546.0	210.0	283.0	60.0
