	pos	mean	sd
0	1	1.0	0.0
1	2	0.3333	0.0
2	3	0.5	0.0
3	4	0.3333	0.0
4	5	0.4	0.0
5	6	0.2222	0.0
6	7	0.0	0.0
7	8	0.0	0.0
8	9	0.0	0.0
9	10	0.16665	0.16665
10	11	0.11109999999999999	0.15711912677965087
11	12	0.16666666666666666	0.23570226039551584
12	13	0.13333333333333333	0.09428090415820635
13	14	0.16221999999999998	0.10921936458339243
14	15	0.19181666666666666	0.17988739456177086
15	16	0.19876666666666665	0.12960300493772856
16	17	0.11033333333333334	0.08646079394088912
17	18	0.15295	0.23572409543079523
18	19	0.16235714285714284	0.1475996211487865
19	20	0.17004285714285713	0.11093678839955735
20	21	0.40700000000000003	0.32546930423620596
21	22	0.291675	0.19094610987134564
22	23	0.324375	0.1324584533919976
23	24	0.39215999999999995	0.15522830412009272
24	25	0.3631625	0.22699747761539113
25	26	0.430325	0.32014420741544997
26	27	0.471975	0.23971086098673125
27	28	0.27767499999999995	0.24144346517352672
28	29	0.3646888888888889	0.2569476100705894
29	30	0.24781666666666669	0.24420481783854214
30	31	0.10728333333333334	0.12306712824940523
31	32	0.05984545454545454	0.1046076684451033
32	33	0.125	0.125
33	34	0.03648125	0.06768296701118753
34	35	0.0348	0.09279479376559871
35	36	0.1	0.20000000000000004
36	37	0.0893	0.06356608110200491
37	38	0.01530625	0.04239170715998
38	39	0.0198125	0.026592195166063298
39	40	0.0625	0.0
40	41	0.0	0.0
41	42	0.0	0.0
42	43	0.027	0.0
43	44	0.0127625	0.016772666566470577
44	45	0.00541875	0.01129613975823157
45	46	0.0	0.0
46	47	0.0202875	0.01596644430516701
47	48	0.00569375	0.01194081596615156
48	49	0.00294375	0.007848882782759595
49	50	0.00215625	0.008351120340259744
50	51	0.003675	0.014233213797312261
51	52	0.00694375	0.026893028110227757
52	53	0.008781249999999999	0.013608692936410169
53	54	0.02411875	0.032122037193140475
54	55	0.022975000000000002	0.02264896520815024
55	56	0.053799999999999994	0.04721423249402663
56	57	0.033312499999999995	0.05289728106197898
57	58	0.032487499999999996	0.04926360059668801
58	59	0.04556875	0.028715516684146573
59	60	0.10143124999999999	0.06287827246702553
60	61	0.07942499999999998	0.06895915004551607
61	62	0.014975	0.027312462814619996
62	63	0.04057499999999999	0.035673230509725345
63	64	0.1057	0.0914157809133631
64	65	0.022725	0.03936085460200273
65	66	0.05555	0.05555
66	67	0.0394	0.040318296094949246
67	68	0.10494999999999999	0.07462574957747493
68	69	0.081025	0.07495061846531577
69	70	0.16876666666666665	0.10401048291184668
70	71	0.0767	0.046747834174429945
71	72	0.16201666666666664	0.07997708873310043
72	73	0.0556	0.0
73	74	0.24126363636363637	0.15107225407206057
74	75	0.3539818181818182	0.1821943309076219
75	76	0.15548333333333333	0.12233945148188662
76	77	0.0667	0.0
77	78	0.2143	0.0
78	79	0.25	0.0
79	80	0.1667	0.0
80	81	0.1	0.0
81	82	0.2857	0.0
82	83	0.25	0.0
83	84	0.3636	0.0
84	85	0.4545	0.0
85	86	0.2353	0.0
86	87	0.0476	0.0
87	88	0.09871666666666667	0.13253059919211949
88	89	0.0	0.0
89	90	0.0	0.0
90	91	0.0625	0.0
91	92	0.1667	0.0
92	93	0.2	0.0
93	94	0.0	0.0
94	95	0.25	0.0
95	96	0.4	0.0
96	97	0.625	0.0
97	98	1.0	0.0
98	99	1.0	0.0
99	100	1.0	0.0
100	101	0.6	0.0
101	102	0.5556	0.0
102	103	0.2	0.0
103	104	0.2857	0.0
104	105	0.0526	0.0
105	106	0.0	0.0
106	107	0.0	0.0
107	108	0.0294	0.0
108	109	0.0938	0.0
109	110	0.2381	0.0
110	111	0.2	0.0
111	112	0.25	0.0
112	113	0.2857	0.0
113	114	0.1429	0.0
114	115	0.1176	0.0
115	116	0.1429	0.0
116	117	0.0435	0.0
117	118	0.0312	0.0
118	119	0.044866666666666666	0.06147734451721942
119	120	0.09472499999999999	0.1295343270141162
120	121	0.2773	0.11517085134703138
121	122	0.06954	0.11420002218330197
122	123	0.2121	0.0
123	124	0.1572	0.22674974090393135
124	125	0.3	0.0
125	126	0.25	0.0
126	127	0.13115	0.09449403420322365
127	128	0.059025	0.05922923159217921
128	129	0.059025	0.059229231592179216
129	130	0.1525	0.09643939029255628
130	131	0.1429	0.0
131	132	0.1429	0.0
132	133	0.05069375	0.07367642489926816
133	134	0.0	0.0
134	135	0.050175	0.040892289921206415
135	136	0.043399999999999994	0.04775053664619906
136	137	0.047168749999999995	0.04426238130102695
137	138	0.030100000000000002	0.03266242106764286
138	139	0.02506875	0.04962415891919478
139	140	0.0476	0.0
140	141	0.027612499999999998	0.036870039920645595
141	142	0.0	0.0
142	143	0.06021875	0.06146852058930245
143	144	0.024663636363636363	0.03311169177543493
144	145	0.04812727272727273	0.06858585980571547
145	146	0.05405454545454546	0.05838037284810963
146	147	0.1053	0.0
147	148	0.1154	0.0
148	149	0.09525	0.10310321285003683
149	150	0.1176	0.0
150	151	0.08825	0.08825
151	152	0.27775	0.05554999999999999
152	153	0.2222	0.0
153	154	0.1538	0.0
154	155	0.1667	0.0
155	156	0.06764545454545455	0.07853597164978102
156	157	0.0667	0.0
157	158	0.06154	0.08971777081492831
158	159	0.125	0.0
159	160	0.2857	0.0
160	161	0.375	0.0
161	162	0.5	0.0
162	163	0.375	0.0
163	164	0.1625	0.037500000000000006
164	165	0.04228181818181818	0.04627331487392585
165	166	0.03310909090909091	0.04928352951029112
166	167	0.02915833333333333	0.027156873234761195
167	168	0.03812499999999999	0.04660724863151654
168	169	0.0110625	0.02482503461729711
169	170	0.011437500000000001	0.021310117168847294
170	171	0.0060999999999999995	0.012771599351686539
171	172	0.034825	0.03822235111816122
172	173	0.055249999999999994	0.0408687074667159
173	174	0.02958125	0.020834023217744094
174	175	0.01315	0.022776468119530737
175	176	0.016675	0.028881947216211026
176	177	0.0606	0.0828423201027108
177	178	0.036712499999999995	0.05682731380023166
178	179	0.0	0.0
179	180	0.05728571428571429	0.06313828199326638
180	181	0.08503333333333334	0.09558677849065854
181	182	0.13904375000000002	0.12079574686609416
182	183	0.1	0.1
183	184	0.13333333333333333	0.14399588728694843
184	185	0.101	0.010100000000000005
185	186	0.0417	0.0
186	187	0.10134545454545454	0.09375350043051836
187	188	0.18345714285714285	0.13641572864009546
188	189	0.20395625	0.14773752895231967
189	190	0.36463999999999996	0.06354307515378839
190	191	0.18930625000000004	0.10977696404955595
191	192	0.14543124999999998	0.11392480918762823
192	193	0.15398750000000003	0.1126233816476401
193	194	0.17749375	0.13459886918521083
194	195	0.11384375	0.10512446770822431
195	196	0.06264375	0.06753973801353912
196	197	0.08728749999999999	0.08669420305735558
197	198	0.1333	0.0
198	199	0.0178	0.033280455976443586
199	200	0.0	0.0
200	201	0.0	0.0
201	202	0.0	0.0
202	203	0.009631250000000001	0.017896777599263506
203	204	0.01591875	0.023151301765505544
204	205	0.0	0.0
205	206	0.0	0.0
206	207	0.0	0.0
207	208	0.00195	0.007552317525104462
208	209	0.023381250000000003	0.023807200033550777
209	210	0.0224	0.020250555547934975
210	211	0.026262499999999994	0.02259764575680396
211	212	0.019362499999999998	0.02133459265488798
212	213	0.01649375	0.027069689431862717
213	214	0.0550125	0.04979672272097833
214	215	0.07623125	0.038547158111039787
215	216	0.0	0.0
216	217	0.0	0.0
217	218	0.11403125000000001	0.05949199230516238
218	219	0.06377999999999999	0.03989145606099966
219	220	0.05224999999999999	0.040820200268984475
220	221	0.12844999999999998	0.07924991324916386
221	222	0.0740125	0.051568896572934356
222	223	0.04263125	0.042040764722320406
223	224	0.15788125	0.11652154960966447
224	225	0.20484999999999998	0.15224999999999997
225	226	0.20750625	0.10245376072130052
226	227	0.0895125	0.057221377943474934
227	228	0.12906875	0.07758453227568946
228	229	0.264575	0.11080952407171506
229	230	0.20650625	0.11428195651955517
230	231	0.10656875000000002	0.12277656901232216
231	232	0.14034375000000002	0.11341093955583606
232	233	0.5556	0.0
233	234	0.5	0.0
234	235	0.158875	0.17170229504872672
235	236	0.1111	0.0
236	237	0.08747499999999998	0.10809444076824673
237	238	0.126975	0.1289444914488401
238	239	0.04477142857142857	0.06822504178474802
239	240	0.0357	0.0
240	241	0.0	0.0
241	242	0.04586875	0.051759416036480745
242	243	0.1739	0.0
243	244	0.040985714285714285	0.05705889009414317
244	245	0.0	0.0
245	246	0.0	0.0
246	247	0.0321625	0.06117861018158226
247	248	0.125	0.0
248	249	0.0682	0.0682
249	250	0.00735	0.019446272136324737
250	251	0.0	0.0
251	252	0.0	0.0
252	253	0.0	0.0
253	254	0.0	0.0
254	255	0.009393750000000001	0.01414891642273358
255	256	0.02025	0.02556877979098729
256	257	0.05240625	0.06235748219690641
257	258	0.04283125	0.03928771625377962
258	259	0.036687500000000005	0.029357321808196328
259	260	0.0411375	0.04304244816166943
260	261	0.09169333333333332	0.09726651679220803
261	262	0.14493333333333333	0.16605886171943837
262	263	0.1	0.0
263	264	0.23332499999999998	0.19578474627764034
264	265	0.12298124999999999	0.16665210851782675
265	266	0.07289999999999999	0.0104
266	267	0.25	0.0
267	268	0.16665	0.16665
268	269	0.6667	0.0
269	270	0.5	0.0
270	271	0.4286	0.0
271	272	0.0	0.0
272	273	0.0	0.0
273	274	0.2	0.0
274	275	0.16665	0.16665
275	276	0.18383333333333332	0.15318090249404098
276	277	0.1903	0.19211973349971107
277	278	0.25	0.25
278	279	0.13182857142857143	0.12051800949337363
279	280	0.2	0.0
280	281	0.2308	0.0
281	282	0.25	0.0
282	283	0.02296666666666667	0.04944287837719626
283	284	0.024	0.03688975128677341
284	285	0.0588	0.0
285	286	0.05555	0.05555
286	287	0.17145	0.028550000000000006
287	288	0.2912	0.1374
288	289	0.125	0.0
289	290	0.025445454545454545	0.036078534631509424
290	291	0.05538125	0.0494882210575153
291	292	0.16458125	0.05966651299881283
292	293	0.168825	0.12303426098042775
293	294	0.3179375	0.14876458699485573
294	295	0.2733	0.12560443861583875
295	296	0.10513124999999998	0.08982726979285022
296	297	0.1944357142857143	0.14300480814665367
297	298	0.28336875	0.16310498811635865
298	299	0.10751999999999999	0.05701667826171567
299	300	0.052739999999999995	0.05034431844806323
300	301	0.0455	0.0
301	302	0.0556	0.0
302	303	0.17956249999999999	0.1011577535028828
303	304	0.0	0.0
304	305	0.0	0.0
305	306	0.0	0.0
306	307	0.0	0.0
307	308	0.05	0.0
308	309	0.0769	0.0
309	310	0.0	0.0
310	311	0.1429	0.0
311	312	0.1429	0.0
312	313	0.0	0.0
313	314	0.0	0.0
314	315	0.2	0.0
315	316	0.1429	0.0
316	317	0.125	0.0
317	318	0.0	0.0
318	319	0.0909	0.0
319	320	0.0769	0.0
320	321	0.0	0.0
321	322	0.2	0.0
322	323	0.1111	0.0
323	324	0.25	0.0
324	325	0.2	0.0
325	326	0.3333	0.0
326	327	0.6	0.0
327	328	0.6	0.0
328	329	0.4	0.0
329	330	0.25	0.0
330	331	0.0	0.0
331	332	0.0	0.0
332	333	0.0	0.0
333	334	0.1667	0.0
334	335	0.25	0.0
335	336	0.2	0.0
336	337	0.1667	0.0
337	338	0.0	0.0
338	339	0.0	0.0
339	340	0.0	0.0
340	341	0.0526	0.0
341	342	0.0588	0.0
342	343	0.12053125	0.06598009850278717
343	344	0.22892	0.1222348951813679
344	345	0.2814307692307692	0.22351024201146505
345	346	0.5	0.0
346	347	0.5404	0.09599999999999997
347	348	0.11885333333333334	0.11525270707835407
348	349	0.13845000000000002	0.06155000000000001
349	350	0.24769999999999998	0.1523728978526037
350	351	0.4	0.0
351	352	0.6	0.0
352	353	0.625	0.0
353	354	0.4286	0.0
354	355	0.07481875	0.09311308459844675
355	356	0.15	0.0
356	357	0.0833	0.0
357	358	0.0625	0.0
358	359	0.04213333333333333	0.05599422589279482
359	360	0.018179999999999998	0.036359999999999996
360	361	0.0	0.0
361	362	0.0	0.0
362	363	0.0	0.0
363	364	0.0	0.0
364	365	0.0	0.0
365	366	0.0714	0.0
366	367	0.024431249999999998	0.030589351062706445
367	368	0.0081875	0.017080576505200284
368	369	0.018706249999999997	0.03260173440075696
369	370	0.03887499999999999	0.03531011717624285
370	371	0.029475000000000005	0.029434280609520594
371	372	0.025856249999999997	0.0223629987018177
372	373	0.024512500000000003	0.028981025581404116
373	374	0.01603125	0.022863473017840048
374	375	0.010531249999999999	0.03136751342452092
375	376	0.038474999999999995	0.06479895350235218
376	377	0.04361875	0.04644194250284435
377	378	0.07228749999999999	0.060683305725298134
378	379	0.1034375	0.05595826430251389
379	380	0.2143	0.0
380	381	0.0833	0.0
381	382	0.08109999999999998	0.05965730257059902
382	383	0.15250625	0.11070425956546341
383	384	0.19828125000000002	0.07724421676370018
384	385	0.07081875	0.03942745266229484
385	386	0.04933749999999999	0.05287002783950468
386	387	0.1154	0.0
387	388	0.15293749999999998	0.06814791701695658
388	389	0.10283125000000001	0.04681281500227795
389	390	0.042487500000000004	0.03464938446422967
390	391	0.048575	0.04536235360957365
391	392	0.11227333333333332	0.09367295921923727
392	393	0.07700666666666667	0.09159312540918242
393	394	0.03442	0.04241146385904012
394	395	0.07308181818181818	0.07925101454104626
395	396	0.12939090909090908	0.12217003392846645
396	397	0.025	0.025
397	398	0.0	0.0
398	399	0.2	0.0
399	400	0.25	0.0
400	401	0.25	0.0
401	402	0.1667	0.0
402	403	0.0	0.0
403	404	0.25	0.0
404	405	0.4	0.0
405	406	0.5	0.0
406	407	0.3	0.0
407	408	0.1667	0.0
408	409	0.0202875	0.03547553514395519
409	410	0.05015555555555556	0.09720898576561864
410	411	0.2623	0.24535112593994754
411	412	0.47150000000000003	0.19297269236863543
412	413	0.4596	0.14901080497735728
413	414	0.41285	0.14965
414	415	0.14480714285714286	0.11913708469229717
415	416	0.21308333333333332	0.11456994103554775
416	417	0.16308571428571428	0.1144013789698537
417	418	0.020833333333333332	0.02946278254943948
418	419	0.0	0.0
419	420	0.05556666666666666	0.07858313361586497
420	421	0.037033333333333335	0.05237304225988362
421	422	0.1389	0.10393789812511442
422	423	0.18889999999999998	0.16405208522498782
423	424	0.38886666666666664	0.078583133615865
424	425	0.15276666666666666	0.13747839426211264
425	426	0.25	0.25
426	427	0.06666666666666667	0.09428090415820635
427	428	0.09523333333333334	0.13468027158999776
428	429	0.15926666666666667	0.03667190871619432
429	430	0.12263333333333333	0.017593622581934497
430	431	0.18335	0.016650000000000012
431	432	0.17776666666666666	0.13697436094231488
432	433	0.14285	0.14285
433	434	0.14813333333333334	0.13856604522352828
434	435	0.2333333333333333	0.20548046676563259
435	436	0.3968333333333333	0.20604862425057718
436	437	0.4375	0.26040833319999573
437	438	0.4643	0.24912977876333187
438	439	0.22996666666666668	0.32334870410200267
439	440	0.28503333333333336	0.36336784239787767
440	441	0.20749999999999996	0.3084081602897909
441	442	0.33443999999999996	0.36128168290130624
442	443	0.2864625	0.32167098461588045
443	444	0.38195	0.21551617688702626
444	445	0.23332499999999998	0.19578474627764034
445	446	0.3338	0.19049996325458962
446	447	0.3638	0.23635193250743688
447	448	0.479175	0.2909270387485494
448	449	0.491675	0.30311370288226824
449	450	0.416675	0.30619302225067113
450	451	0.4603	0.3140787560469508
451	452	0.5222333333333333	0.1100089794314789
452	453	0.32915	0.05319513605584632
453	454	0.23957499999999998	0.14545546354468777
454	455	0.276125	0.17613218580089218
455	456	0.35140000000000005	0.13898158151352286
456	457	0.39285000000000003	0.1315042489807839
457	458	0.44894999999999996	0.22651806219372442
458	459	0.32649999999999996	0.11073073195820571
459	460	0.23154999999999998	0.0699065268769662
460	461	0.18589999999999998	0.13354507353948578
461	462	0.19046666666666667	0.2693605431799955
462	463	0.22725	0.22725
463	464	0.25	0.0
464	465	0.5	0.0
465	466	0.3636	0.0
466	467	0.2143	0.2143
467	468	0.20779999999999998	0.0649
468	469	0.3111	0.08314497379076301
469	470	0.47223333333333334	0.17124633978245749
470	471	0.3654	0.1346
471	472	0.35	0.15
472	473	0.16665	0.16665
473	474	0.125	0.125
474	475	0.16665	0.16665
475	476	0.29164999999999996	0.04164999999999999
476	477	0.20453333333333332	0.15188077195250518
477	478	0.5185	0.1047932249718463
478	479	0.5	0.0
479	480	0.3333	0.0
480	481	0.4	0.0
481	482	0.6667	0.0
482	483	0.3333	0.0
483	484	0.3333	0.0
484	485	0.2857	0.0
485	486	0.1667	0.0
486	487	0.2	0.0
487	488	0.2	0.0
488	489	0.4	0.0
489	490	0.3333	0.0
490	491	0.0	0.0
491	492	0.2	0.0
492	493	0.4537	0.17024411884115115
493	494	0.3333333333333333	0.27217913627282714
494	495	0.25	0.25
495	496	0.1875	0.0625
496	497	0.32145	0.17855000000000001
497	498	0.25	0.0833
498	499	0.21209999999999998	0.12119999999999999
499	500	0.16665	0.16665
500	501	0.125	0.125
501	502	0.25	0.25
502	503	0.33335	0.33335
503	504	0.5	0.5
504	505	0.33335	0.33335
505	506	0.17776666666666666	0.13697436094231488
506	507	0.0	0.0
507	508	0.125	0.10206207261596575
508	509	0.27776666666666666	0.2078668858241308
509	510	0.4444666666666666	0.3142853940113808
510	511	0.5555666666666667	0.4157426794972529
511	512	0.3492	0.2918284084869052
512	513	0.3111	0.24545146159678902
513	514	0.15	0.10801234497346433
514	515	0.3095333333333333	0.22080557561398267
515	516	0.4166666666666667	0.42491829279939874
516	517	0.4166666666666667	0.42491829279939874
517	518	0.36665000000000003	0.03335000000000002
518	519	0.41664999999999996	0.08335000000000001
519	520	0.41664999999999996	0.08335000000000001
520	521	0.2	0.2
521	522	0.16665	0.16665
522	523	0.0	0.0
