49 177
251 367
219 295
227 366
210 256
195 241
45 205
253 368
47 173
205 230
209 295
47 226
209 253
38 203
44 204
51 210
54 172
177 207
37 167
258 371
45 195
223 302
204 389
58 135
259 372
206 384
191 226
195 236
44 389
256 371
169 194
45 171
202 249
255 370
206 254
219 290
55 119
56 381
250 389
44 171
219 368
211 290
34 167
52 208
132 190
45 249
48 222
251 354
252 384
292 370
58 170
58 137
43 198
61 140
171 194
211 283
46 385
48 208
208 373
119 176
222 253
43 136
44 169
367 388
205 251
134 194
253 342
45 191
195 249
132 173
227 342
62 137
195 230
54 177
168 204
168 390
37 140
290 368
203 246
209 368
253 295
57 206
253 302
252 369
53 373
203 384
369 388
211 370
