	pos	mean	sd
0	1	10.7856	0.0
1	2	5.5396	0.0
2	3	3.9498	0.0
3	4	3.7372	0.0
4	5	3.5341	0.0
5	6	3.1889	0.0
6	7	6.7763	4.2250000000000005
7	8	2.86435	0.30105000000000004
8	9	1.7106	0.6731999999999999
9	10	1.614	0.8964000000000001
10	11	4.537966666666667	4.437394516555358
11	12	1.9362333333333333	0.6963149877908864
12	13	1.1526666666666667	0.7025419671133929
13	14	3.52932	2.9349521804622305
14	15	2.4421333333333335	2.548820499542659
15	16	1.2750333333333332	0.9945199288545649
16	17	1.0861333333333334	0.8465866202318317
17	18	0.9426833333333334	0.7206235527112768
18	19	1.965585714285714	2.55171390717722
19	20	0.9862285714285713	0.6399635876121295
20	21	2.8632	3.569781881291909
21	22	3.239325	2.510641953141666
22	23	2.438	2.2525681976357563
23	24	2.55682	2.37576171481906
24	25	1.2944375000000001	0.775301697627285
25	26	1.3588500000000001	2.2922408942997246
26	27	0.6932125	0.3814970001110756
27	28	1.205125	2.1637965504813526
28	29	0.5724111111111111	0.28974460571891564
29	30	1.64835	3.5324803727928433
30	31	0.6714666666666668	1.16135943785242
31	32	1.0354727272727273	1.8457886312019531
32	33	1.12635	0.63845
33	34	1.1711062499999998	3.0261853451310508
34	35	0.5083875	0.8797847221586369
35	36	0.31032	0.2009707083134256
36	37	0.13216666666666665	0.028385481421944483
37	38	0.21695000000000003	0.25143932170605293
38	39	0.17028749999999998	0.19537656549276833
39	40	0.2612	0.0
40	41	0.2071	0.0
41	42	0.1782	0.0
42	43	0.1199	0.0
43	44	0.129025	0.15671901807055835
44	45	0.10864375	0.13311662635049573
45	46	0.10481250000000003	0.12723873169656322
46	47	0.10868125000000002	0.1250163200283767
47	48	0.12002499999999999	0.13225130197846824
48	49	0.14223125	0.14931535720895386
49	50	0.17675000000000002	0.18772196195437552
50	51	0.21855	0.22682731041477344
51	52	0.22774374999999997	0.22429086296801634
52	53	0.17863749999999998	0.18243858512866734
53	54	0.18066875	0.16706103195669988
54	55	0.15906874999999998	0.15336010611771728
55	56	0.19936250000000003	0.2234410377342309
56	57	0.19510624999999998	0.2315216606193414
57	58	0.16765	0.1821757942208569
58	59	0.185325	0.21921045681034473
59	60	0.20603125	0.24578945695134585
60	61	0.22401249999999995	0.27021330665559384
61	62	0.20845	0.23667789292622998
62	63	0.264625	0.3165935594338583
63	64	0.32449375	0.3957735234145123
64	65	0.305625	0.17612276080904476
65	66	0.3056	0.18251395837031206
66	67	0.237075	0.13672226181203995
67	68	0.24717499999999998	0.15592115595710543
68	69	0.35579999999999995	0.4542966119911821
69	70	0.36351666666666665	0.44130269059028204
70	71	0.32615	0.34997855529541616
71	72	0.33814999999999995	0.33473750536801217
72	73	0.2163	0.0
73	74	0.4027090909090909	0.3464995040126201
74	75	0.45712727272727266	0.4378823733522074
75	76	0.4202333333333334	0.4292556432037
76	77	0.2281	0.0
77	78	0.2361	0.0
78	79	0.2812	0.0
79	80	0.3401	0.0
80	81	0.3534	0.0
81	82	0.3431	0.0
82	83	0.3208	0.0
83	84	0.2632	0.0
84	85	0.2485	0.0
85	86	0.2131	0.0
86	87	0.2535	0.0
87	88	0.42265	0.42773639760176285
88	89	0.2316	0.0
89	90	0.2361	0.0
90	91	0.2532	0.0
91	92	0.3019	0.0
92	93	0.3177	0.0
93	94	0.3384	0.0
94	95	0.3516	0.0
95	96	0.4119	0.0
96	97	0.4136	0.0
97	98	0.5021	0.0
98	99	0.5922	0.0
99	100	0.7087	0.0
100	101	0.8167	0.0
101	102	0.8105	0.0
102	103	0.6959	0.0
103	104	0.5708	0.0
104	105	0.4399	0.0
105	106	0.3498	0.0
106	107	0.2866	0.0
107	108	0.3109	0.0
108	109	0.276	0.0
109	110	0.3148	0.0
110	111	0.4217	0.0
111	112	0.4442	0.0
112	113	0.3939	0.0
113	114	0.3841	0.0
114	115	0.3479	0.0
115	116	0.3531	0.0
116	117	0.2834	0.0
117	118	0.2648	0.0
118	119	0.3886	0.3952059273340925
119	120	0.32571875	0.33272901176999503
120	121	0.34962499999999996	0.1377187056103854
121	122	0.3527733333333334	0.3392115042598382
122	123	0.46	0.0
123	124	0.4874	0.212010530398846
124	125	0.637	0.0
125	126	0.9033	0.0
126	127	0.48385	0.17831442033666262
127	128	0.6687000000000001	0.29621195114309623
128	129	0.608175	0.2321556953318182
129	130	0.32908	0.18583932199618033
130	131	0.246	0.0
131	132	0.1634	0.0
132	133	0.27644375	0.2875603435992827
133	134	0.178	0.0
134	135	0.2249875	0.2592644327588148
135	136	0.20754999999999996	0.24486506998753416
136	137	0.18723750000000003	0.2420936385858786
137	138	0.1889125	0.2443052518750876
138	139	0.21459375000000003	0.2807420935412741
139	140	0.1568	0.0
140	141	0.228775	0.3067295541270844
141	142	0.243	0.0
142	143	0.2972125	0.38256575068052023
143	144	0.3631	0.4633656733862871
144	145	0.41639090909090903	0.5112323728093365
145	146	0.38775454545454546	0.41308565997785357
146	147	0.9365	0.0
147	148	1.0304	0.0
148	149	0.4148125	0.43363290764626017
149	150	1.1992	0.0
150	151	0.7799	0.385
151	152	0.8639	0.33320000000000005
152	153	0.5901	0.0
153	154	0.5282	0.0
154	155	0.4738	0.0
155	156	0.5244636363636364	0.549043732771687
156	157	0.386	0.0
157	158	0.80432	0.7454260081322626
158	159	0.19	0.0
159	160	0.2696	0.0
160	161	0.3163	0.0
161	162	0.3464	0.0
162	163	0.2676	0.0
163	164	0.23065000000000002	0.02835
164	165	0.47028181818181825	0.5747225968289268
165	166	0.4062727272727273	0.5027309186124578
166	167	0.26563333333333333	0.3221202398001232
167	168	0.217625	0.27060081185207113
168	169	0.172625	0.21725426204104717
169	170	0.15440625	0.20188864650083102
170	171	0.1280375	0.15677296432660193
171	172	0.1258	0.1431162071534877
172	173	0.13556875	0.14614446927077843
173	174	0.15729999999999997	0.15413492060529307
174	175	0.28700000000000003	0.22107753164896699
175	176	0.3088	0.24541632993751658
176	177	0.21285625	0.20256751025506906
177	178	0.23756874999999997	0.1993619093468898
178	179	0.3983	0.3021
179	180	0.2835	0.26273175891554706
180	181	0.3009166666666666	0.27048584939368314
181	182	0.32265	0.2705842382697115
182	183	0.49724999999999997	0.34975
183	184	0.5166	0.4723483248620661
184	185	0.79705	0.39965000000000006
185	186	0.1528	0.0
186	187	0.35005454545454545	0.3171121693248058
187	188	0.25851428571428575	0.19899188733335288
188	189	0.26429375	0.217102932006773
189	190	0.30066	0.18784707184302873
190	191	0.20989999999999998	0.17832554500127007
191	192	0.19571875	0.17834600927253041
192	193	0.19064375	0.16786434988090085
193	194	0.20205625000000002	0.20140125362305344
194	195	0.162475	0.15342776191093968
195	196	0.1516125	0.14550630946371362
196	197	0.16983750000000003	0.15813237680421424
197	198	0.0772	0.0
198	199	0.17172500000000002	0.19148691698129142
199	200	0.0827	0.0
200	201	0.0808	0.0
201	202	0.0613	0.0
202	203	0.12709375	0.13844097329164334
203	204	0.12985624999999998	0.14650059286889422
204	205	0.11902499999999999	0.1354748523712058
205	206	0.1084375	0.12656026664696152
206	207	0.10930625000000002	0.12669044196756715
207	208	0.11498125000000002	0.13442997349340474
208	209	0.12426875000000001	0.14155593293266622
209	210	0.1413125	0.16682642129995476
210	211	0.173925	0.21231063768685732
211	212	0.208675	0.2626584271920473
212	213	0.26574375	0.3686619775769364
213	214	0.274525	0.37264865909459544
214	215	0.2772625	0.3632408978126637
215	216	0.1916	0.0
216	217	0.2125	0.0
217	218	0.28895625	0.3831257723789115
218	219	0.24901999999999994	0.32553063798460913
219	220	0.20928125	0.27237635777254515
220	221	0.22641875000000003	0.2811263955473365
221	222	0.22136875000000006	0.26065860267491175
222	223	0.18321874999999999	0.21819912699971444
223	224	0.18358125000000003	0.21345880521411503
224	225	0.12805	0.06245
225	226	0.19347499999999998	0.22052122771969143
226	227	0.16613124999999998	0.18594428506527835
227	228	0.15833124999999998	0.17199946118647436
228	229	0.17736875000000002	0.18599262995731172
229	230	0.17361250000000003	0.1747768179529253
230	231	0.15545625	0.1562843401014238
231	232	0.17516875	0.16815746607997367
232	233	0.1456	0.0
233	234	0.2067	0.0
234	235	0.19275	0.16790807008598488
235	236	0.1584	0.0
236	237	0.19705	0.18011779825991658
237	238	0.33452499999999996	0.2057845277833103
238	239	0.20142857142857143	0.1559970349011775
239	240	0.126	0.0
240	241	0.1602	0.0
241	242	0.19281874999999998	0.14902754451254138
242	243	0.1426	0.0
243	244	0.18534285714285717	0.12250833624280265
244	245	0.1286	0.0
245	246	0.1239	0.0
246	247	0.20266875	0.156018303087931
247	248	0.1229	0.0
248	249	0.09864999999999999	0.005350000000000001
249	250	0.15283125000000003	0.15667000637785616
250	251	0.141625	0.1550601677575515
251	252	0.12838750000000002	0.14682767907908237
252	253	0.12600625000000001	0.14732831308318678
253	254	0.12466875000000001	0.14945672751146902
254	255	0.1252	0.14559685350308915
255	256	0.13983125	0.16565719015013355
256	257	0.1477875	0.16463732822100216
257	258	0.19295624999999997	0.2265222697902736
258	259	0.22137500000000004	0.2528005426714903
259	260	0.32641249999999994	0.3860302026315428
260	261	0.3826066666666667	0.47263417067420005
261	262	0.5291833333333332	0.4786574537762423
262	263	0.1886	0.0
263	264	0.31695	0.2573130923602606
264	265	0.49952499999999994	0.6132204900156223
265	266	0.27144999999999997	0.02454999999999999
266	267	0.3527	0.0
267	268	0.35195	0.09045
268	269	0.4831	0.0
269	270	0.5156	0.0
270	271	0.5391	0.0
271	272	0.571	0.0
272	273	0.5524	0.0
273	274	0.4394	0.0
274	275	0.3306	0.04749999999999999
275	276	0.2552666666666667	0.04828155847618103
276	277	0.48626	0.35920537635174676
277	278	0.31185	0.07665000000000001
278	279	0.5594	0.39003654773806595
279	280	1.391	0.0
280	281	1.495	0.0
281	282	1.3972	0.0
282	283	0.5128533333333333	0.5684705713481473
283	284	0.3723875	0.41530053556882157
284	285	0.7266	0.0
285	286	0.397	0.1939
286	287	0.6206	0.3789
287	288	0.524	0.3346
288	289	0.1043	0.0
289	290	0.2864636363636364	0.34314479390889335
290	291	0.24989375	0.3166237918823181
291	292	0.28200625	0.2951386802605472
292	293	0.25264375	0.25516607084590515
293	294	0.26828124999999997	0.23856729715834377
294	295	0.24930000000000002	0.2724250126181515
295	296	0.203725	0.24103709128472323
296	297	0.22264285714285714	0.2302889914690599
297	298	0.23223749999999999	0.2529647922018991
298	299	0.35142	0.3355843285971501
299	300	0.2832	0.25954238960139053
300	301	0.0705	0.0
301	302	0.079	0.0
302	303	0.22095625	0.2519816212761111
303	304	0.0748	0.0
304	305	0.0891	0.0
305	306	0.0984	0.0
306	307	0.0875	0.0
307	308	0.0975	0.0
308	309	0.114	0.0
309	310	0.1144	0.0
310	311	0.1149	0.0
311	312	0.1386	0.0
312	313	0.1597	0.0
313	314	0.1772	0.0
314	315	0.1926	0.0
315	316	0.2165	0.0
316	317	0.2658	0.0
317	318	0.2551	0.0
318	319	0.2381	0.0
319	320	0.23	0.0
320	321	0.2155	0.0
321	322	0.2495	0.0
322	323	0.2291	0.0
323	324	0.2675	0.0
324	325	0.2541	0.0
325	326	0.2845	0.0
326	327	0.3115	0.0
327	328	0.3316	0.0
328	329	0.3865	0.0
329	330	0.4131	0.0
330	331	0.451	0.0
331	332	0.505	0.0
332	333	0.5493	0.0
333	334	0.5208	0.0
334	335	0.5297	0.0
335	336	0.4831	0.0
336	337	0.3589	0.0
337	338	0.2694	0.0
338	339	0.2188	0.0
339	340	0.1652	0.0
340	341	0.1391	0.0
341	342	0.1252	0.0
342	343	0.211225	0.2252520740748018
343	344	0.20594	0.1992950001045351
344	345	0.25121538461538456	0.25754975276231384
345	346	0.2526	0.0
346	347	0.47475	0.22075
347	348	0.21474666666666664	0.19971843469133127
348	349	0.55195	0.17855000000000001
349	350	0.38814000000000004	0.23002545598259336
350	351	0.9941	0.0
351	352	1.2356	0.0
352	353	0.9879	0.0
353	354	1.2293	0.0
354	355	0.30476875	0.3221243465626861
355	356	0.1301	0.0
356	357	0.1613	0.0
357	358	0.1584	0.0
358	359	0.24653333333333333	0.1936350748759693
359	360	0.16128	0.14506838938928082
360	361	0.2748	0.0
361	362	0.2933	0.0
362	363	0.3136	0.0
363	364	0.2898	0.0
364	365	0.2461	0.0
365	366	0.1926	0.0
366	367	0.16424999999999998	0.1889620497613211
367	368	0.15563125	0.17861511595729376
368	369	0.14769375	0.17466070132098263
369	370	0.14390624999999999	0.16616319338511013
370	371	0.1522625	0.17215324523153785
371	372	0.1484375	0.16561963151676795
372	373	0.20015625	0.22988288857793984
373	374	0.23735	0.25696922481106566
374	375	0.29288749999999997	0.315043137671256
375	376	0.2931125	0.3564372996667858
376	377	0.27133125	0.3358193817343447
377	378	0.24975000000000003	0.3267579302786698
378	379	0.20581249999999998	0.24151536927025993
379	380	0.0949	0.0
380	381	0.1183	0.0
381	382	0.17631875	0.1993345624156471
382	383	0.198425	0.22888529741990857
383	384	0.18494375	0.19147661074120123
384	385	0.15069375	0.1465196892432464
385	386	0.1508375	0.15391791592842596
386	387	0.1423	0.0
387	388	0.18176874999999998	0.19282892910151606
388	389	0.17765624999999996	0.17809534654487047
389	390	0.16699374999999997	0.16251255516401647
390	391	0.19048125000000002	0.18398627740523885
391	392	0.22926000000000002	0.2117760320086608
392	393	0.23129333333333335	0.2003312239489613
393	394	0.22653333333333336	0.18592134418140976
394	395	0.32494545454545454	0.33056045345508245
395	396	0.3804090909090909	0.36240919979930636
396	397	0.34095	0.014750000000000013
397	398	0.5153	0.0
398	399	0.7127	0.0
399	400	0.7993	0.0
400	401	1.4758	0.0
401	402	1.7953	0.0
402	403	1.9198	0.0
403	404	1.823	0.0
404	405	1.9265	0.0
405	406	1.6229	0.0
406	407	0.8189	0.0
407	408	0.362	0.0
408	409	0.34568750000000004	0.2647628346157179
409	410	0.4357222222222222	0.32779641641922186
410	411	0.39475	0.24330629358896574
411	412	0.5089	0.35871874776766266
412	413	0.47136666666666666	0.31628997595385294
413	414	0.59445	0.40905
414	415	0.4227571428571429	0.38868212446361744
415	416	0.31858333333333333	0.3382693917410928
416	417	0.3096571428571429	0.3065158204126915
417	418	0.1067	0.021005872194857
418	419	0.1196	0.0444414971244969
419	420	0.1489	0.07851653753615646
420	421	0.1806333333333333	0.08519179668384874
421	422	0.2517666666666667	0.087640224149011
422	423	0.27999999999999997	0.0784995541388612
423	424	0.36390000000000006	0.08098510151050417
424	425	0.3687	0.06719305519669921
425	426	0.37355	0.06405
426	427	0.38483333333333336	0.057640514301044284
427	428	0.6811000000000001	0.40605039917067764
428	429	0.6386666666666667	0.30697741864110395
429	430	0.7675000000000001	0.4453301696494411
430	431	1.1917	0.6142000000000001
431	432	0.9727666666666667	0.6789189756926488
432	433	1.2334999999999998	0.7331
433	434	1.0490333333333333	0.6486464745058659
434	435	1.1358	0.5693842463574137
435	436	1.1346666666666667	0.6066044968144858
436	437	1.0909666666666666	0.5887356075145749
437	438	1.1796666666666666	0.6074494565165255
438	439	0.6637555555555557	0.5336171830298302
439	440	0.79015	0.6647395323232501
440	441	0.752211111111111	0.59757321344928
441	442	0.5910599999999999	0.43150669334322034
442	443	0.8531375000000001	0.6288774263270626
443	444	0.805925	0.5525508455110715
444	445	0.9775499999999999	0.735553398809359
445	446	0.8825200000000001	0.637869226095757
446	447	0.95604	0.6448135563091086
447	448	1.136075	0.635358034398716
448	449	1.210325	0.6294221293178371
449	450	1.209075	0.541315953833803
450	451	1.3270749999999998	0.5641298581665395
451	452	1.1476	0.3880866226329718
452	453	1.454375	0.48367568356802887
453	454	1.546525	0.5348726548207526
454	455	1.5924	0.5403265031441638
455	456	1.565125	0.4825294103730881
456	457	1.586875	0.438887225691293
457	458	1.6195749999999998	0.46121269158057654
458	459	1.6372	0.41818545527074463
459	460	1.60725	0.44297451676140465
460	461	1.508	0.4083882792963905
461	462	1.5525333333333335	0.4741800244164188
462	463	1.4472	0.4851
463	464	1.032	0.0
464	465	0.6472	0.0
465	466	0.6879	0.0
466	467	0.9190499999999999	0.15755000000000002
467	468	1.3944999999999999	0.7593000000000001
468	469	0.963	0.8581261717641915
469	470	0.9671	0.8616758710017747
470	471	1.368	0.9218000000000001
471	472	1.4624	0.9120999999999999
472	473	1.60155	0.8486500000000001
473	474	1.64795	0.7918499999999999
474	475	1.50955	0.82095
475	476	1.89015	0.46045
476	477	1.5681666666666665	0.6753361747225516
477	478	1.5410333333333333	0.9315131394075389
478	479	0.3414	0.0
479	480	0.6625	0.0
480	481	0.6571	0.0
481	482	0.7813	0.0
482	483	1.541	0.0
483	484	1.8187	0.0
484	485	1.9962	0.0
485	486	2.0964	0.0
486	487	1.9871	0.0
487	488	1.75	0.0
488	489	1.5727	0.0
489	490	1.6184	0.0
490	491	1.4716	0.0
491	492	1.3914	0.0
492	493	1.8337333333333332	0.7086008577157915
493	494	2.0955666666666666	0.7717796763901528
494	495	1.8933	0.7796
495	496	1.9881499999999999	0.7577499999999999
496	497	2.0796	0.7796
497	498	2.2103	0.8354
498	499	2.3354999999999997	0.8692
499	500	2.3952999999999998	0.8402999999999999
500	501	2.3805	0.7973
501	502	2.3629	0.8198000000000001
502	503	2.3618	0.7721000000000001
503	504	2.2485999999999997	0.7190999999999999
504	505	2.1284	0.6925
505	506	1.6288	0.5236384503325426
506	507	1.6569	0.575399426485637
507	508	1.6932333333333334	0.5941440584759071
508	509	1.9439	1.0648096825254738
509	510	2.0599666666666665	1.1572143516028288
510	511	2.155866666666667	1.2838465025937573
511	512	2.2113333333333336	1.3403704371884992
512	513	2.2125	1.3892397945159314
513	514	2.1744333333333334	1.3349245180492002
514	515	2.023633333333333	1.109102509038527
515	516	1.9822	0.9898659538880337
516	517	1.9756999999999998	0.9249910413980594
517	518	2.5099	0.527
518	519	2.6144999999999996	0.5508
519	520	2.6109	0.47940000000000005
520	521	2.88185	0.66275
521	522	3.0288	0.7061999999999999
522	523	3.9513	0.0
