pos	YOR089C	YNL093W	YFL038C	YDL192W	YFL005W	YKR014C	YOR094W	YHR022C	YCR027C	YKL154W	YBR264C	YLR293C	YOR185C	YBR164C	YNL090W	YMR138W
1	0.006705882352941177	0.008290909090909088	0.004666666666666667	0.011692307692307693	0.009228571428571428	0.01985074626865672	0.02448888888888889	0.010639999999999998	0.06417777777777778	0.02404081632653061	0.004092307692307693	0.008142857142857141	0.006705882352941176	0.022275862068965518	0.02587234042553192	0.023606060606060613
2	0.010058823529411766	0.013818181818181818	0.020000000000000007	0.01578461538461539	0.017914285714285716	0.022686567164179113	0.039688888888888905	0.018240000000000006	0.08275555555555553	0.039551020408163266	0.01110769230769231	0.014928571428571428	0.014901960784313727	0.03668965517241379	0.03476595744680852	0.029363636363636373
3	0.016764705882352935	0.019345454545454548	0.027333333333333345	0.023969230769230774	0.022257142857142864	0.026089552238805984	0.04982222222222221	0.022800000000000008	0.10048888888888888	0.05040816326530612	0.01578461538461539	0.02307142857142858	0.02458823529411765	0.049793103448275866	0.043659574468085105	0.04030303030303029
4	0.021235294117647057	0.02487272727272728	0.033333333333333354	0.030400000000000003	0.0314857142857143	0.031194029850746274	0.05995555555555555	0.028120000000000006	0.11737777777777776	0.062040816326530614	0.023384615384615393	0.031892857142857146	0.03203921568627452	0.06420689655172412	0.05417021276595743	0.04893939393939392
5	0.026823529411764708	0.02763636363636364	0.03933333333333334	0.03975384615384616	0.04234285714285713	0.03686567164179105	0.06755555555555555	0.032680000000000015	0.1325777777777778	0.06824489795918368	0.02923076923076924	0.04207142857142858	0.039490196078431385	0.0746896551724138	0.06387234042553189	0.06218181818181817
6	0.033529411764705884	0.03247272727272728	0.044666666666666646	0.051446153846153836	0.04885714285714282	0.04423880597014924	0.07937777777777777	0.03648000000000001	0.1494666666666667	0.0806530612244898	0.036246153846153824	0.04885714285714284	0.046941176470588236	0.08648275862068967	0.07519148936170209	0.07369696969696966
7	0.038000000000000006	0.038	0.053333333333333316	0.060215384615384594	0.055914285714285694	0.049343283582089524	0.09035555555555554	0.04104000000000001	0.15622222222222226	0.09848979591836732	0.044430769230769177	0.05699999999999998	0.05737254901960783	0.0995862068965517	0.08246808510638293	0.08348484848484845
8	0.045823529411764714	0.04145454545454545	0.058666666666666624	0.07132307692307689	0.06405714285714283	0.05444776119402982	0.09795555555555555	0.04408	0.16973333333333343	0.11167346938775509	0.04969230769230765	0.06310714285714283	0.06407843137254901	0.10875862068965517	0.09217021276595741	0.09557575757575758
9	0.05252941176470588	0.046981818181818166	0.06733333333333331	0.08126153846153845	0.07111428571428567	0.06011940298507458	0.11231111111111108	0.04635999999999999	0.1824000000000001	0.12485714285714286	0.05670769230769226	0.06989285714285713	0.07376470588235291	0.11662068965517237	0.09782978723404251	0.10248484848484848
10	0.057000000000000016	0.051818181818181805	0.07533333333333332	0.09470769230769228	0.076	0.06919402985074621	0.12159999999999999	0.05471999999999998	0.19506666666666664	0.13648979591836735	0.06021538461538456	0.076	0.08047058823529409	0.12448275862068964	0.10591489361702125	0.11054545454545453
11	0.06482352941176471	0.05803636363636362	0.08666666666666666	0.10932307692307695	0.08359999999999998	0.07486567164179099	0.13511111111111104	0.06383999999999998	0.20604444444444445	0.14269387755102042	0.06781538461538461	0.08414285714285712	0.09090196078431369	0.1362758620689655	0.11480851063829789	0.1283939393939394
12	0.07264705882352941	0.06770909090909089	0.09666666666666666	0.12510769230769236	0.08848571428571426	0.08337313432835816	0.14777777777777776	0.07523999999999999	0.2161777777777777	0.15044897959183676	0.07541538461538458	0.0909285714285714	0.09909803921568623	0.14937931034482757	0.12451063829787237	0.13760606060606062
13	0.07488235294117648	0.0739272727272727	0.10599999999999998	0.14206153846153846	0.095	0.08847761194029843	0.1528444444444444	0.08511999999999997	0.2288444444444444	0.16130612244897963	0.08476923076923076	0.09703571428571425	0.10729411764705876	0.15986206896551725	0.1342127659574468	0.14796969696969692
14	0.08047058823529411	0.08498181818181819	0.11066666666666665	0.15843076923076924	0.10259999999999998	0.09188059701492532	0.16466666666666668	0.09271999999999996	0.23559999999999992	0.17061224489795918	0.09295384615384611	0.10314285714285712	0.11176470588235289	0.17034482758620692	0.145531914893617	0.16063636363636355
15	0.08717647058823529	0.09396363636363636	0.11599999999999999	0.17830769230769222	0.10748571428571427	0.10038805970149249	0.17564444444444444	0.10031999999999995	0.24573333333333325	0.18224489795918367	0.09938461538461532	0.1112857142857143	0.11399999999999995	0.18082758620689657	0.15280851063829784	0.1709999999999999
16	0.09611764705882353	0.10087272727272731	0.12666666666666665	0.19526153846153838	0.11182857142857144	0.11002985074626863	0.1874666666666667	0.11171999999999997	0.25755555555555554	0.18612244897959182	0.10873846153846152	0.11739285714285712	0.11996078431372546	0.18606896551724136	0.16008510638297874	0.1830909090909091
17	0.10282352941176472	0.10916363636363637	0.13333333333333333	0.20636923076923078	0.1188857142857143	0.11853731343283581	0.19928888888888893	0.12235999999999998	0.26684444444444444	0.19077551020408165	0.11516923076923073	0.1241785714285714	0.1236862745098039	0.196551724137931	0.16574468085106384	0.19748484848484846
18	0.10729411764705883	0.11883636363636366	0.14533333333333331	0.21981538461538458	0.12431428571428571	0.12874626865671643	0.2111111111111111	0.12692	0.27782222222222225	0.20163265306122446	0.12510769230769228	0.13232142857142853	0.12741176470588236	0.2083448275862069	0.17382978723404255	0.2066969696969697
19	0.11288235294117646	0.12920000000000004	0.15399999999999997	0.23092307692307687	0.13028571428571434	0.13385074626865676	0.22462222222222217	0.13604000000000002	0.2854222222222223	0.21326530612244896	0.13153846153846155	0.13910714285714282	0.1393333333333333	0.21489655172413796	0.18272340425531913	0.21993939393939396
20	0.12070588235294115	0.1388727272727273	0.16066666666666662	0.2420307692307692	0.13517142857142855	0.14462686567164182	0.23475555555555547	0.14972000000000005	0.2938666666666667	0.22102040816326526	0.14030769230769238	0.14657142857142855	0.14678431372549017	0.221448275862069	0.18999999999999995	0.2331818181818182
21	0.12405882352941174	0.14854545454545456	0.166	0.25606153846153845	0.1433142857142857	0.15143283582089556	0.24573333333333325	0.15732000000000007	0.3048444444444445	0.2311020408163265	0.1490769230769232	0.15539285714285714	0.15349019607843137	0.23717241379310341	0.19808510638297866	0.24239393939393938
22	0.1341176470588235	0.15614545454545456	0.17800000000000005	0.2677538461538461	0.1509142857142857	0.15880597014925374	0.25839999999999996	0.16340000000000005	0.3158222222222223	0.2388571428571428	0.15609230769230775	0.16217857142857145	0.15945098039215694	0.2450344827586207	0.21182978723404247	0.2527575757575758
23	0.14082352941176468	0.16581818181818184	0.19000000000000006	0.276523076923077	0.15742857142857142	0.16674626865671643	0.2719111111111111	0.17023999999999997	0.3268000000000001	0.2458367346938775	0.1648615384615385	0.1689642857142857	0.1661568627450981	0.25551724137931037	0.2182978723404255	0.2619696969696969
24	0.15311764705882352	0.17479999999999998	0.20133333333333334	0.2888	0.16557142857142854	0.17355223880597015	0.2820444444444445	0.17631999999999995	0.3386222222222223	0.25514285714285706	0.1759692307692307	0.1777857142857143	0.17286274509803926	0.266	0.22638297872340424	0.27406060606060606
25	0.1598235294117647	0.18447272727272726	0.21133333333333332	0.29815384615384605	0.17751428571428565	0.18319402985074623	0.2896444444444445	0.18696	0.3479111111111112	0.26367346938775504	0.1812307692307692	0.18457142857142855	0.18329411764705883	0.2777931034482759	0.23285106382978718	0.2867272727272728
26	0.1676470588235294	0.1913818181818182	0.22133333333333338	0.31101538461538447	0.18457142857142855	0.19340298507462683	0.29977777777777787	0.19759999999999997	0.3605777777777778	0.272204081632653	0.19292307692307692	0.19542857142857137	0.19596078431372546	0.2908965517241379	0.24012765957446805	0.2976666666666667
27	0.17882352941176471	0.20105454545454549	0.23200000000000004	0.3227076923076921	0.19651428571428572	0.20417910447761192	0.31075555555555556	0.20976	0.3673333333333333	0.2846122448979592	0.20286153846153845	0.20560714285714282	0.20564705882352938	0.3013793103448275	0.24982978723404245	0.309181818181818
28	0.18776470588235297	0.21280000000000002	0.2433333333333334	0.33089230769230743	0.20628571428571427	0.213820895522388	0.32173333333333337	0.22343999999999997	0.3791555555555555	0.2962448979591837	0.21221538461538464	0.21782142857142855	0.2101176470588235	0.3092413793103448	0.2635744680851064	0.32127272727272704
29	0.19335294117647062	0.2224727272727273	0.25200000000000006	0.34316923076923045	0.2166	0.22402985074626863	0.32933333333333337	0.23559999999999998	0.3909777777777777	0.3055510204081633	0.2198153846153846	0.22460714285714284	0.2205490196078431	0.317103448275862	0.27327659574468083	0.3299090909090907
30	0.19894117647058826	0.22938181818181821	0.2613333333333334	0.35603076923076893	0.22582857142857143	0.2319701492537313	0.342	0.24776	0.4044888888888887	0.31485714285714284	0.23209230769230774	0.22935714285714287	0.2250196078431372	0.3262758620689655	0.28217021276595744	0.34257575757575737
31	0.2112352941176471	0.24112727272727277	0.27000000000000013	0.37239999999999973	0.2350571428571429	0.24104477611940298	0.35466666666666674	0.25688	0.40871111111111086	0.3249387755102041	0.24203076923076922	0.23682142857142857	0.23396078431372544	0.33937931034482754	0.28944680851063825	0.3483333333333331
32	0.22464705882352942	0.25770909090909094	0.28200000000000003	0.3823384615384612	0.2442857142857143	0.2484179104477612	0.3664888888888889	0.26828	0.42559999999999987	0.3326938775510204	0.2572307692307693	0.24428571428571427	0.2429019607843137	0.34855172413793095	0.29995744680851066	0.3575454545454543
33	0.23805882352941185	0.26876363636363637	0.2913333333333334	0.3992923076923072	0.25242857142857134	0.25919402985074635	0.37493333333333323	0.27740000000000004	0.43404444444444434	0.34820408163265293	0.2671692307692309	0.25514285714285717	0.2518431372549019	0.3603448275862069	0.31046808510638296	0.36618181818181794
34	0.247	0.27843636363636354	0.29666666666666675	0.41039999999999954	0.2654571428571429	0.26770149253731346	0.3867555555555556	0.28880000000000006	0.4433333333333331	0.3551836734693877	0.28003076923076925	0.26600000000000007	0.26898039215686276	0.37606896551724134	0.3242127659574469	0.37481818181818155
35	0.2559411764705882	0.28810909090909087	0.306	0.41916923076923035	0.2790285714285714	0.27564179104477604	0.4036444444444443	0.29716000000000004	0.4500888888888887	0.3668163265306122	0.28938461538461535	0.27278571428571435	0.27643137254901967	0.38786206896551717	0.33472340425531927	0.38518181818181785
36	0.26152941176470584	0.2957090909090908	0.31266666666666665	0.4285230769230765	0.2882571428571428	0.2841492537313432	0.4171555555555555	0.30628000000000005	0.4568444444444442	0.3768979591836734	0.2993230769230769	0.2836428571428572	0.2890980392156862	0.39572413793103434	0.34765957446808515	0.3920909090909087
37	0.2671176470588235	0.3060727272727272	0.3206666666666667	0.43553846153846115	0.29802857142857136	0.28925373134328347	0.4298222222222221	0.31616000000000005	0.4635999999999998	0.38387755102040816	0.30926153846153837	0.2945000000000001	0.30101960784313725	0.4075172413793101	0.35817021276595734	0.4018787878787875
38	0.2782941176470588	0.3171272727272728	0.3293333333333334	0.4425538461538458	0.3061714285714284	0.2954925373134327	0.43657777777777773	0.32984	0.4745777777777776	0.39706122448979586	0.31393846153846144	0.3040000000000001	0.3114509803921569	0.4219310344827585	0.3654468085106383	0.4122424242424239
39	0.28723529411764703	0.3281818181818182	0.3413333333333333	0.4478153846153842	0.3186571428571427	0.30626865671641784	0.44164444444444434	0.33972	0.4855555555555554	0.4063673469387754	0.32446153846153836	0.3114642857142858	0.31443137254901965	0.4311034482758619	0.37757446808510625	0.4197272727272724
40	0.29952941176470593	0.3385454545454544	0.35	0.4554153846153843	0.3246285714285712	0.3153432835820894	0.45262222222222204	0.3465599999999999	0.4956888888888887	0.4172244897959182	0.3355692307692307	0.32028571428571434	0.32560784313725494	0.43503448275862056	0.38727659574468076	0.4289393939393936
41	0.3073529411764706	0.3489090909090909	0.3626666666666665	0.46769230769230746	0.33657142857142835	0.32158208955223866	0.46106666666666646	0.3556799999999999	0.5083555555555554	0.4265306122448978	0.34375384615384597	0.33114285714285724	0.3323137254901961	0.4455172413793102	0.3994042553191488	0.43815151515151485
42	0.31517647058823534	0.357890909090909	0.37199999999999983	0.48055384615384594	0.3457999999999998	0.3295223880597013	0.4703555555555554	0.36935999999999986	0.5176444444444444	0.4327346938775508	0.35778461538461515	0.33860714285714294	0.34050980392156854	0.45337931034482737	0.4074893617021275	0.44966666666666644
43	0.323	0.365490909090909	0.38199999999999984	0.49107692307692297	0.3577428571428569	0.33746268656716394	0.475422222222222	0.38075999999999977	0.5235555555555556	0.4420408163265304	0.3683076923076921	0.3508214285714287	0.3509411764705881	0.4625517241379309	0.4139574468085104	0.45715151515151486
44	0.33194117647058835	0.3793090909090908	0.38933333333333314	0.5051076923076923	0.3691428571428567	0.34653731343283556	0.483022222222222	0.3891199999999999	0.5311555555555556	0.4497959183673468	0.37239999999999973	0.35964285714285715	0.36286274509803906	0.4704137931034482	0.42285106382978704	0.46636363636363615
45	0.3408823529411765	0.3869090909090908	0.39999999999999974	0.5121230769230769	0.3783714285714283	0.3584477611940296	0.492311111111111	0.39975999999999984	0.5421333333333335	0.4622040816326529	0.3782461538461536	0.36914285714285705	0.3665882352941175	0.47827586206896544	0.43012765957446786	0.4790303030303029
46	0.3531764705882353	0.3965818181818181	0.40799999999999975	0.5197230769230768	0.3875999999999996	0.3703582089552236	0.5015999999999999	0.4096399999999999	0.5548000000000001	0.4738367346938774	0.3864307692307689	0.3779642857142856	0.3785098039215685	0.49137931034482757	0.4374042553191488	0.4882424242424241
47	0.36100000000000004	0.4083272727272725	0.41999999999999976	0.5255692307692307	0.39628571428571385	0.37943283582089526	0.5100444444444444	0.4217999999999998	0.5657777777777778	0.48469387755102034	0.3940307692307689	0.3888214285714284	0.3852156862745097	0.5031724137931034	0.44710638297872324	0.5014848484848482
48	0.3721764705882353	0.4166181818181816	0.4286666666666665	0.5308307692307691	0.4065999999999997	0.3902089552238804	0.5184888888888888	0.4316799999999998	0.5725333333333334	0.4955510204081631	0.40396923076923047	0.4030714285714283	0.398627450980392	0.5097241379310344	0.45438297872340405	0.5124242424242423
49	0.37888235294117645	0.42421818181818166	0.43799999999999983	0.5395999999999999	0.41419999999999974	0.3970149253731341	0.5252444444444444	0.44003999999999976	0.5801333333333335	0.500204081632653	0.4174153846153843	0.40985714285714264	0.4075686274509802	0.5228275862068966	0.46246808510638276	0.5216363636363635
50	0.382235294117647	0.4331999999999998	0.44333333333333313	0.5460307692307691	0.4223428571428569	0.40155223880596996	0.5311555555555556	0.4468799999999997	0.5860444444444446	0.5118367346938775	0.42092307692307657	0.4193571428571426	0.4187450980392155	0.537241379310345	0.4713617021276593	0.5268181818181816
51	0.3945294117647058	0.441490909090909	0.4553333333333332	0.5536307692307691	0.4326571428571426	0.4094925373134326	0.5404444444444445	0.45219999999999977	0.5902666666666668	0.5195918367346939	0.43144615384615354	0.4241071428571426	0.426941176470588	0.5451034482758622	0.48268085106382963	0.5360303030303031
52	0.4023529411764706	0.4518545454545453	0.46533333333333315	0.5583076923076922	0.4429714285714283	0.42083582089552213	0.5514222222222224	0.46511999999999987	0.5970222222222225	0.5296734693877552	0.4419692307692305	0.43699999999999983	0.4336470588235291	0.5582068965517242	0.4956170212765956	0.5446666666666667
53	0.41129411764705887	0.46221818181818164	0.47266666666666646	0.5641538461538461	0.4527428571428569	0.43274626865671617	0.556488888888889	0.47879999999999984	0.603777777777778	0.540530612244898	0.451907692307692	0.4458214285714285	0.44556862745098014	0.5673793103448277	0.506127659574468	0.5527272727272727
54	0.41911764705882354	0.47258181818181805	0.4819999999999999	0.5735076923076923	0.46197142857142826	0.4395522388059699	0.5624000000000001	0.4894399999999999	0.6096888888888892	0.5513877551020409	0.4606769230769228	0.4587142857142856	0.45450980392156837	0.5765517241379312	0.5158297872340425	0.561939393939394
55	0.4269411764705882	0.4801818181818181	0.49199999999999994	0.5840307692307694	0.46794285714285694	0.44579104477611914	0.5700000000000002	0.5031199999999999	0.6172888888888892	0.557591836734694	0.4688615384615383	0.4668571428571427	0.46494117647058797	0.5831034482758622	0.5271489361702127	0.5688484848484848
56	0.43476470588235294	0.4912363636363636	0.504	0.5980615384615385	0.4755428571428569	0.46110447761194	0.5767555555555557	0.5122399999999999	0.620666666666667	0.5684489795918368	0.4799692307692306	0.4790714285714284	0.47313725490196057	0.5948965517241381	0.5328085106382978	0.578060606060606
57	0.4381176470588235	0.5057454545454545	0.514	0.6050769230769232	0.4891142857142855	0.4724477611940296	0.5835111111111113	0.5206	0.6308000000000004	0.5793061224489798	0.4899076923076922	0.4912857142857142	0.48431372549019586	0.6053793103448277	0.5441276595744681	0.5838181818181819
58	0.44817647058823523	0.5195636363636363	0.516	0.6120923076923078	0.49888571428571415	0.48038805970149234	0.5902666666666669	0.53428	0.635866666666667	0.591714285714286	0.5027692307692306	0.5048571428571428	0.49325490196078414	0.6145517241379312	0.551404255319149	0.5884242424242425
59	0.4571176470588234	0.5306181818181819	0.5233333333333333	0.6185230769230772	0.5091999999999998	0.4911641791044774	0.5953333333333336	0.5472000000000001	0.6460000000000004	0.6041224489795921	0.5103692307692307	0.5157142857142857	0.5021960784313724	0.6276551724137932	0.5602978723404257	0.5976363636363637
60	0.46717647058823514	0.5409818181818182	0.53	0.6261230769230769	0.5178857142857142	0.502507462686567	0.6037777777777781	0.5555600000000002	0.6544444444444449	0.6111020408163268	0.5197230769230768	0.5299642857142858	0.5074117647058822	0.6342068965517242	0.5691914893617023	0.6039696969696972
61	0.4783529411764705	0.5520363636363638	0.5433333333333334	0.6319692307692307	0.5298285714285713	0.5138507462686566	0.6164444444444447	0.5662000000000001	0.6595111111111115	0.6188571428571432	0.5314153846153845	0.5374285714285715	0.5170980392156862	0.6499310344827587	0.5756595744680852	0.6120303030303031
62	0.48729411764705866	0.5596363636363637	0.5493333333333335	0.6384	0.5390571428571428	0.527462686567164	0.6257333333333335	0.5776000000000002	0.6654222222222227	0.6281632653061228	0.5448615384615384	0.5503214285714286	0.5238039215686274	0.6604137931034484	0.5821276595744683	0.6195151515151516
63	0.5029411764705881	0.5672363636363638	0.5593333333333335	0.643076923076923	0.551	0.5376716417910447	0.6333333333333335	0.5867200000000002	0.6696444444444449	0.6390204081632657	0.5536307692307693	0.557107142857143	0.5312549019607843	0.6669655172413794	0.5918297872340428	0.6246969696969698
64	0.517470588235294	0.5769090909090911	0.5673333333333335	0.6483384615384615	0.561857142857143	0.5450447761194029	0.6367111111111113	0.6004000000000004	0.6772444444444449	0.6460000000000004	0.5688307692307691	0.5672857142857145	0.5424313725490196	0.6800689655172414	0.5999148936170215	0.633909090909091
65	0.5286470588235294	0.5872727272727275	0.5773333333333335	0.6576923076923076	0.5705428571428571	0.554686567164179	0.641777777777778	0.6072400000000004	0.6856888888888893	0.6522040816326534	0.5776000000000001	0.5767857142857145	0.5476470588235295	0.6879310344827587	0.6104255319148939	0.6402424242424245
66	0.5454117647058823	0.5969454545454548	0.5833333333333335	0.664123076923077	0.5819428571428571	0.5671641791044775	0.649377777777778	0.6148400000000004	0.6899111111111115	0.6646122448979596	0.586369230769231	0.5828928571428574	0.5595686274509805	0.6944827586206898	0.6209361702127664	0.6494545454545456
67	0.5610588235294118	0.6045454545454547	0.5953333333333333	0.6688	0.5922571428571428	0.5768059701492536	0.6595111111111114	0.6216800000000005	0.6958222222222227	0.676244897959184	0.5933846153846155	0.5937500000000003	0.5714901960784315	0.7010344827586209	0.6314468085106387	0.6557878787878788
68	0.5733529411764707	0.6100727272727274	0.6066666666666668	0.6723076923076924	0.6036571428571428	0.5887164179104477	0.6654222222222225	0.6315600000000005	0.7034222222222227	0.6824489795918369	0.6004	0.6005357142857146	0.5811764705882354	0.7036551724137933	0.6443829787234047	0.6655757575757576
69	0.5890000000000002	0.6204363636363638	0.614	0.6799076923076924	0.6101714285714285	0.5994925373134327	0.6713333333333337	0.6406800000000004	0.707644444444445	0.6902040816326533	0.6091692307692307	0.6086785714285717	0.5930980392156865	0.7115172413793106	0.6557021276595749	0.6736363636363638
70	0.6001764705882354	0.6308000000000001	0.6226666666666667	0.6863384615384617	0.6156	0.6119701492537313	0.6755555555555559	0.6536000000000004	0.7144000000000006	0.699510204081633	0.6196923076923077	0.6175000000000004	0.6005490196078433	0.7128275862068968	0.6645957446808516	0.6782424242424245
71	0.6091176470588238	0.6473818181818184	0.6333333333333335	0.6910153846153848	0.6242857142857142	0.6227462686567166	0.6789333333333336	0.6642400000000004	0.7245333333333339	0.7080408163265309	0.6284615384615385	0.6263214285714288	0.6117254901960788	0.7193793103448278	0.6734893617021281	0.6868787878787882
72	0.6270000000000002	0.6549818181818183	0.6466666666666666	0.6951076923076924	0.6329714285714284	0.6306865671641791	0.6848444444444448	0.6748800000000004	0.732133333333334	0.7181224489795922	0.6378153846153847	0.6371785714285716	0.620666666666667	0.727241379310345	0.6848085106382985	0.6932121212121216
73	0.6325882352941178	0.6653454545454548	0.6566666666666667	0.7015384615384617	0.6422	0.6386268656716418	0.6916000000000004	0.6847600000000006	0.738044444444445	0.7258775510204085	0.6430769230769232	0.6480357142857146	0.6296078431372552	0.73248275862069	0.6912765957446815	0.698969696969697
74	0.6404117647058827	0.6729454545454547	0.6626666666666667	0.7085538461538464	0.6514285714285715	0.6494029850746268	0.6949777777777782	0.6954000000000005	0.743955555555556	0.7320816326530615	0.6536000000000002	0.6575357142857143	0.6385490196078435	0.7364137931034486	0.6977446808510643	0.7070303030303033
75	0.649352941176471	0.6840000000000004	0.6726666666666669	0.7149846153846158	0.6622857142857143	0.6573432835820897	0.7008888888888894	0.6999600000000004	0.7532444444444449	0.7398367346938779	0.6641230769230771	0.6650000000000001	0.6497254901960786	0.7455862068965521	0.7090638297872347	0.7133636363636366
76	0.6627647058823534	0.6909090909090911	0.6806666666666671	0.7190769230769235	0.6704285714285715	0.6647164179104479	0.7076444444444451	0.7083200000000005	0.7600000000000006	0.7475918367346941	0.6717230769230771	0.6704285714285717	0.6579215686274513	0.7468965517241383	0.7171489361702132	0.7179696969696971
77	0.672823529411765	0.703345454545455	0.6900000000000005	0.7231692307692311	0.6829142857142857	0.6743582089552238	0.7135555555555562	0.7136400000000006	0.7676000000000006	0.7537959183673473	0.6840000000000002	0.6778928571428574	0.6713333333333336	0.7521379310344831	0.7236170212765961	0.723727272727273
78	0.6817647058823534	0.7081818181818186	0.6980000000000003	0.729015384615385	0.6894285714285714	0.6868358208955226	0.7203111111111116	0.7242800000000007	0.7701333333333339	0.7623265306122453	0.6921846153846158	0.6928214285714288	0.6810196078431375	0.7547586206896556	0.7300851063829791	0.7358181818181823
79	0.6962941176470591	0.7171636363636368	0.7080000000000004	0.736615384615385	0.7024571428571428	0.6987462686567165	0.7287555555555562	0.7334000000000006	0.7785777777777781	0.7677551020408169	0.6992000000000005	0.7016428571428573	0.6877254901960788	0.7613103448275865	0.736553191489362	0.744454545454546
80	0.7063529411764708	0.7302909090909097	0.7180000000000002	0.7477230769230772	0.7144	0.7061194029850748	0.7397333333333339	0.7440400000000007	0.7853333333333335	0.7778367346938779	0.7050461538461543	0.7084285714285717	0.6996470588235297	0.7652413793103452	0.7438297872340427	0.7525151515151518
81	0.7175294117647062	0.7385818181818187	0.7286666666666669	0.7535692307692311	0.7252571428571432	0.7163283582089556	0.7448000000000006	0.7493600000000007	0.7887111111111113	0.7840408163265309	0.7144000000000004	0.7165714285714287	0.7070980392156865	0.7744137931034487	0.7527234042553195	0.7651818181818187
82	0.7253529411764709	0.7503272727272734	0.7380000000000003	0.7640923076923078	0.7339428571428575	0.7254029850746271	0.7524000000000007	0.7592400000000006	0.793777777777778	0.7925714285714289	0.723169230769231	0.724714285714286	0.7145490196078434	0.782275862068966	0.7591914893617024	0.7720909090909095
83	0.7309411764705885	0.7579272727272733	0.744666666666667	0.7693538461538465	0.7415428571428575	0.7356119402985077	0.7600000000000006	0.7660800000000003	0.7980000000000003	0.7980000000000003	0.7342769230769234	0.7396428571428574	0.7257254901960789	0.7848965517241384	0.7664680851063833	0.780727272727273
84	0.7410000000000004	0.7648363636363642	0.7533333333333334	0.7752000000000002	0.7524000000000004	0.7452537313432839	0.7667555555555562	0.7752000000000006	0.8039111111111114	0.8057551020408165	0.7448000000000004	0.7477857142857146	0.7369019607843141	0.7953793103448279	0.7753617021276598	0.7882121212121215
85	0.7499411764705886	0.7738181818181825	0.7633333333333334	0.7845538461538464	0.7621714285714287	0.7554626865671645	0.7768888888888894	0.7850800000000006	0.8081333333333334	0.8119591836734698	0.7541538461538462	0.7600000000000001	0.7465882352941181	0.8019310344827588	0.7826382978723407	0.7922424242424244
86	0.767823529411765	0.7828000000000006	0.7733333333333334	0.7915692307692306	0.7752000000000003	0.7639701492537315	0.7870222222222227	0.7957200000000003	0.816577777777778	0.8189387755102043	0.7611692307692309	0.7749285714285717	0.7585098039215689	0.8071724137931038	0.792340425531915	0.7985757575757577
87	0.7778823529411769	0.7890181818181822	0.7860000000000001	0.7997538461538461	0.7838857142857146	0.7753134328358212	0.7980000000000006	0.8071200000000005	0.8224888888888893	0.8228163265306123	0.7711076923076925	0.781714285714286	0.7637254901960787	0.8111034482758621	0.8020425531914893	0.8060606060606061
88	0.7868235294117651	0.7993818181818183	0.7933333333333334	0.8085230769230769	0.7904000000000003	0.7872238805970149	0.8039111111111115	0.8147200000000002	0.830088888888889	0.8266938775510206	0.7752000000000002	0.7918928571428575	0.7726666666666672	0.8189655172413793	0.8085106382978723	0.8112424242424243
89	0.7924117647058826	0.8076727272727273	0.7993333333333336	0.817876923076923	0.7980000000000002	0.7974328358208957	0.8132000000000001	0.8246000000000001	0.8360000000000001	0.8321224489795918	0.7857230769230772	0.8013928571428577	0.7830980392156868	0.8268275862068964	0.8149787234042553	0.8193030303030304
90	0.7991176470588238	0.8166545454545456	0.8040000000000003	0.8248923076923074	0.8066857142857143	0.8093432835820897	0.8216444444444444	0.8299200000000002	0.8410666666666666	0.8367755102040816	0.8009230769230767	0.8075000000000003	0.7942745098039219	0.8281379310344827	0.8238723404255319	0.8250606060606063
91	0.8091764705882354	0.8242545454545455	0.8106666666666668	0.8307384615384611	0.8148285714285715	0.8172835820895525	0.826711111111111	0.8367600000000002	0.8461333333333331	0.8406530612244898	0.8079384615384612	0.8163214285714288	0.8047058823529415	0.8320689655172412	0.8295319148936169	0.8319696969696969
92	0.8181176470588236	0.8318545454545454	0.82	0.8336615384615378	0.8256857142857145	0.8269253731343288	0.8317777777777776	0.8428400000000003	0.852044444444444	0.8476326530612245	0.8155384615384614	0.8203928571428573	0.812901960784314	0.8359999999999999	0.8376170212765957	0.8377272727272728
93	0.8292941176470585	0.8394545454545452	0.8313333333333334	0.8359999999999995	0.8343714285714284	0.8365671641791045	0.8359999999999996	0.8481600000000001	0.8562666666666666	0.8515102040816326	0.8225538461538457	0.8305714285714284	0.8210980392156861	0.8386206896551722	0.8448936170212766	0.8423333333333334
94	0.8371176470588232	0.845672727272727	0.8400000000000001	0.8400923076923072	0.8430571428571426	0.8479104477611941	0.8435999999999995	0.8550000000000001	0.8579555555555555	0.8577142857142857	0.8283999999999995	0.84075	0.8300392156862741	0.8451724137931031	0.8505531914893617	0.8486666666666666
95	0.8460588235294114	0.8532727272727272	0.8493333333333332	0.8435999999999996	0.8495714285714283	0.8575522388059702	0.8495111111111107	0.8626000000000001	0.8621777777777777	0.8631428571428573	0.8342461538461534	0.8468571428571428	0.839725490196078	0.850413793103448	0.8578297872340424	0.8538484848484847
96	0.8572352941176468	0.8574181818181819	0.8573333333333332	0.8494461538461535	0.8571714285714287	0.8643582089552243	0.8596444444444442	0.8671600000000003	0.8689333333333332	0.8670204081632655	0.8400923076923068	0.8516071428571427	0.8471764705882348	0.856965517241379	0.8651063829787233	0.8619090909090911
97	0.8672941176470585	0.8670909090909094	0.8660000000000001	0.8652307692307696	0.8674857142857149	0.8688955223880601	0.8680888888888889	0.8709600000000003	0.8731555555555558	0.8716734693877554	0.8494461538461534	0.8611071428571432	0.8583529411764701	0.8635172413793102	0.8723829787234044	0.8699696969696975
98	0.8739999999999997	0.8740000000000006	0.8740000000000006	0.8740000000000008	0.8740000000000009	0.8740000000000009	0.8740000000000001	0.8740000000000003	0.8740000000000001	0.8740000000000003	0.8740000000000008	0.8740000000000006	0.8740000000000003	0.8739999999999999	0.8740000000000002	0.8740000000000008
99	0.8739999999999997	0.8740000000000006	0.8740000000000006	0.8740000000000008	0.8740000000000009	0.8740000000000009	0.8740000000000001	0.8740000000000003	0.8740000000000001	0.8740000000000003	0.8740000000000008	0.8740000000000006	0.8740000000000003	0.8739999999999999	0.8740000000000002	0.8740000000000008
