0
1
1
1
0
1
2
1
0
0
0
0
1
0
2
0
0
1
0
1
1
1
0
0
2
0
0
0
0
0
0
0
1
0
0
0
0
0
1
1
1
1
1
0
849
1
0
323
670
849
0
0
0
1
0
0
0
0
0
849
0
849
0
0
0
0
0
0
1
849
1
0
0
0
0
0
0
0
0
0
0
0
849
0
0
849
0
0
849
1
0
2
1
849
2
64
2
849
0
849
0
0
0
0
849
0
0
0
0
0
849
19
8
8
849
0
0
0
0
0
0
0
0
0
0
19
4
10
19
26
24
17
33
56
53
826
56
69
2
105
88
136
108
81
174
0
256
186
289
319
303
331
349
340
304
329
406
374
503
427
384
596
613
430
670
700
0
0
0
0
4
849
849
849
0
0
849
0
849
849
2
1
1
0
0
1
1
2
2
2
2
1
1
2
2
2
2
0
2
2
4
2
2
0
3
2
0
0
0
0
2
2
2
2
28
511
289
40
8
2
2
2
714
2
2
2
849
849
836
2
0
1
0
0
1
0
1
0
1
2
2
849
2
2
2
1
1
2
0
2
1
2
849
1
849
849
849
0
849
2
0
0
0
849
849
849
5
0
0
0
849
849
849
536
0
849
1
109
849
849
796
849
849
837
1
849
0
1
0
2
1
0
1
2
2
2
1
0
2
2
2
2
5
4
5
2
2
1
2
2
2
2
2
2
2
2
2
2
2
2
1
781
3
1
1
2
849
1
1
1
1
849
6
9
849
849
849
232
32
82
414
849
849
526
800
737
790
803
767
849
3
10
4
849
180
13
380
20
849
849
849
849
849
849
835
849
849
849
849
849
849
849
849
849
849
849
1
0
849
0
1
11
849
0
849
12
361
0
0
720
244
849
0
1
2
2
849
849
0
2
1
1
1
0
849
849
849
849
3
2
2
87
849
783
849
849
849
0
0
0
0
0
0
0
0
849
0
0
0
1
0
1
0
0
0
849
0
2
0
0
7
11
14
8
24
0
25
0
252
0
33
849
755
849
787
849
637
0
820
849
0
0
849
0
0
1
1
849
0
0
0
0
849
849
0
0
849
0
2
1
765
4
210
849
849
849
782
1
1
1
1
1
849
1
0
1
0
0
1
0
849
849
6
0
24
18
44
849
844
3
0
523
0
122
0
0
0
849
0
2
849
1
1
2
849
1
1
1
1
1
1
119
723
696
681
653
522
1
849
849
849
776
849
1
0
0
0
0
0
19
676
0
774
1
106
849
0
849
849
1
1
2
1
800
623
849
0
0
1
1
1
0
1
0
0
814
1
0
849
314
0
849
2
2
1
324
5
849
0
1
2
0
6
1
1
1
1
0
2
0
16
367
791
795
849
0
0
849
849
3
7
1
0
0
0
1
1
1
588
410
1
2
3
849
0
0
0
0
0
1
849
849
0
0
0
2
1
849
0
0
0
0
0
10
462
0
2
849
3
666
2
1
8
849
0
1
849
849
2
0
1
0
0
5
9
0
746
849
227
457
2
655
0
0
849
1
2
1
849
849
849
0
0
0
0
0
0
0
0
0
0
0
0
0
0
849
839
849
849
849
0
0
0
0
4
0
0
0
1
849
849
0
849
1
0
1
71
1
1
1
1
846
849
849
849
849
849
0
0
473
1
0
849
849
401
849
847
1
849
1
13
2
0
847
0
849
1
1
1
3
741
694
722
0
847
0
1
2
6
0
849
800
849
0
849
2
0
0
23
142
231
2
2
849
784
2
0
0
0
0
0
0
2
849
2
5
849
0
13
632
3
849
849
849
849
0
1
0
1
849
0
0
0
2
154
0
800
1
849
512
