traj	start	end	mindist	last_bp	refold
YOR089C_43	2403	2494	13	2470	0
YOR089C_54	3862	4533	117	3973	0
YOR089C_39	3848	4056	12	4006	0
YOR089C_67	2102	2469	43	2234	0
YOR089C_38	5797	6492	86	6394	0
YOR089C_61	2693	3020	114	2862	0
YOR089C_70	5739	5918	19	5814	0
YOR089C_11	4084	4432	70	4278	0
YOR089C_32	4590	5142	82	4936	0
YOR089C_36	9322	9597	19	9498	0
YOR089C_28	1515	2470	182	1986	0
YOR089C_69	7344	7635	41	7576	0
YOR089C_56	3185	3348	19	3294	0
YOR089C_15	6959	7139	18	7125	0
YOR089C_64	814	953	22	923	0
YOR089C_10	1328	1554	46	1420	0
YOR089C_20	738	893	33	901	0
YOR089C_24	2963	3161	27	3048	0
YOR089C_12	8542	8908	51	8694	0
YOR089C_03	5594	5819	21	5779	0
YOR089C_07	4443	4636	25	4564	0
YOR089C_44	4338	4760	79	4482	0
YOR089C_52	5730	7461	661	6051	0
YOR089C_26	4132	4547	77	4293	0
YOR089C_17	6331	6407	4	6398	0
YOR089C_59	7679	8897	382	8188	0
YOR089C_02	1043	1136	5	1146	0
YOR089C_33	8467	8978	307	8596	0
YOR089C_48	5885	6524	198	6058	0
YOR089C_35	667	949	62	856	0
YOR089C_60	4472	4831	38	4710	0
YOR089C_47	6999	7145	15	7105	0
YOR089C_41	3770	4161	78	3922	0
YOR089C_27	8453	8624	25	8577	0
YNL093W_04	5827	5982	15	5950	0
YNL093W_29	2311	2471	8	2442	0
YNL093W_05	1007	1173	12	1136	0
YNL093W_38	3428	3620	19	3541	0
YNL093W_18	6536	6636	37	6562	0
YNL093W_17	1825	2005	8	2013	0
YNL093W_31	3752	3989	10	3886	0
YNL093W_52	72	230	4	217	0
YNL093W_40	1916	2158	55	2054	0
YNL093W_62	5543	5842	84	5659	0
YNL093W_65	5993	6156	2	6155	0
YNL093W_32	6048	6212	4	6204	0
YNL093W_33	3463	3788	57	3516	0
YNL093W_41	3164	3424	44	3356	0
YNL093W_16	5675	5813	13	5787	0
YNL093W_51	1115	1278	15	1210	0
YNL093W_14	3922	4323	45	4043	0
YNL093W_39	820	1060	36	1090	0
YNL093W_28	1430	1597	24	1516	0
YNL093W_35	2091	2318	27	2222	0
YNL093W_10	5430	5602	26	5617	0
YNL093W_02	640	756	16	798	0
YNL093W_64	122	353	51	287	0
YNL093W_70	4361	4575	18	4542	0
YNL093W_09	280	423	7	382	0
YNL093W_01	726	943	16	872	0
YNL093W_06	2692	2943	26	2894	0
YNL093W_15	2068	2251	7	2213	0
YNL093W_23	6520	6702	4	6711	0
YNL093W_61	7613	7827	8	7841	0
YNL093W_08	5179	5313	29	5232	0
YNL093W_67	1032	1178	6	1188	0
YNL093W_37	3206	3348	31	3265	0
YNL093W_63	7540	7710	20	7673	0
YNL093W_44	5206	5452	20	5428	0
YNL093W_48	6217	6335	10	6349	0
YNL093W_25	3461	3644	10	3597	0
YNL093W_69	5843	6235	41	5952	0
YNL093W_56	8300	8445	15	8363	0
YNL093W_54	258	393	26	429	0
YNL093W_68	1092	1319	39	1402	0
YNL093W_24	5312	5473	10	5422	0
YNL093W_34	9385	9629	26	9566	0
YNL093W_22	500	959	52	796	0
YNL093W_27	4813	5131	27	5102	0
YNL093W_07	2958	3377	110	3165	0
YNL093W_12	1116	1301	11	1264	0
YNL093W_36	3259	3645	100	3447	0
YNL093W_57	3306	3493	16	3414	0
YNL093W_49	8202	8599	175	8320	0
YNL093W_11	2478	2622	16	2643	0
YNL093W_53	3074	3245	21	3282	0
YNL093W_03	2128	2316	19	2245	0
YNL093W_47	2899	3101	28	2993	0
YNL093W_58	844	971	10	972	0
YFL038C_24	5369	5613	59	5467	0
YFL038C_47	2848	3027	4	3017	0
YFL038C_54	5163	5316	23	5269	0
YFL038C_15	2583	2721	11	2752	0
YFL038C_67	3739	3879	4	3859	0
YFL038C_32	1654	1822	3	1834	0
YFL038C_65	58	212	9	267	0
YFL038C_31	1225	1533	92	1401	0
YFL038C_33	3578	3777	9	3747	0
YFL038C_18	911	1114	13	1084	0
YFL038C_04	236	386	7	377	0
YFL038C_61	49	226	8	187	0
YFL038C_44	3407	3635	20	3530	0
YFL038C_08	6623	6824	23	6708	0
YFL038C_50	1558	1769	30	1700	0
YFL038C_56	750	1075	57	928	0
YFL038C_43	5153	5331	28	5268	0
YFL038C_63	1700	1798	5	1810	0
YFL038C_53	341	519	12	557	0
YFL038C_45	698	826	43	862	0
YFL038C_40	6910	7097	45	6973	0
YFL038C_23	7452	7633	21	7579	0
YFL038C_38	9550	9763	7	9690	0
YFL038C_39	716	801	12	861	0
YFL038C_55	9304	9400	9	9405	0
YFL038C_02	4361	4458	8	4471	0
YFL038C_14	768	918	4	917	0
YFL038C_57	6579	6688	10	6648	0
YFL038C_37	3210	3421	8	3383	0
YFL038C_26	5802	5958	7	5991	0
YFL038C_28	4121	4321	38	4229	0
YFL038C_68	9730	9848	5	9862	0
YFL038C_19	8131	8378	18	8412	0
YFL038C_58	4931	5160	11	5128	0
YFL038C_13	3795	3869	3	3873	0
YFL038C_25	2245	2421	20	2365	0
YFL038C_29	1251	1398	4	1385	0
YFL038C_69	5512	5680	19	5621	0
YFL038C_20	4783	4890	9	4911	0
YFL038C_07	5066	5210	8	5262	0
YFL038C_21	8056	8242	4	8237	0
YFL038C_22	2645	2907	13	2772	0
YFL038C_34	3208	3401	9	3408	0
YFL038C_51	2054	2187	4	2197	0
YFL038C_35	3544	3716	13	3688	0
YFL038C_62	5922	6092	18	6061	0
YFL038C_01	3933	4047	5	4026	0
YFL038C_03	4506	4637	8	4603	0
YFL038C_17	2686	2897	30	2776	0
YFL038C_09	8703	8833	10	8866	0
YFL038C_30	1635	1799	24	1754	0
YFL038C_46	9286	9706	73	9606	0
YFL038C_06	5975	6067	6	6052	0
YFL038C_10	1586	1731	6	1681	0
YFL038C_70	3936	4099	14	4131	0
YFL038C_66	4175	4316	3	4303	0
YFL038C_49	1298	1424	11	1418	0
YDL192W_65	5934	8056	949	6964	0
YDL192W_05	1582	2452	377	1733	0
YDL192W_02	4979	6424	534	5210	0
YDL192W_51	3497	4479	474	3923	0
YDL192W_16	1996	2298	58	2183	0
YDL192W_34	944	1653	152	1115	0
YDL192W_11	1761	2539	157	2367	0
YDL192W_03	6623	7113	109	6784	0
YDL192W_48	2395	2749	77	2523	0
YDL192W_15	6496	7964	537	7218	0
YDL192W_56	7779	8011	23	7901	0
YDL192W_64	246	607	75	534	0
YDL192W_66	7223	8554	838	7386	0
YDL192W_17	9776	9911	10	9898	0
YDL192W_18	8208	9854	795	8786	0
YDL192W_24	3536	3550	1	3537	0
YDL192W_54	4644	5313	217	4970	0
YDL192W_33	3857	4238	101	4031	0
YDL192W_12	3684	4412	201	3965	0
YDL192W_49	2242	2867	188	2355	5097
YDL192W_13	0	234	14	195	0
YDL192W_53	5789	6263	96	6148	8280
YDL192W_59	4713	5292	110	5072	0
YDL192W_36	352	1676	345	718	0
YDL192W_40	610	1622	206	1196	0
YDL192W_45	7515	8809	189	8073	0
YDL192W_14	3815	4318	124	4107	0
YDL192W_07	745	1170	131	839	5603
YDL192W_50	6714	7116	200	6866	0
YDL192W_09	6291	7849	789	6704	0
YDL192W_58	2435	3489	207	3085	0
YDL192W_38	3962	6950	1246	5662	0
YDL192W_37	6030	6227	12	6168	0
YDL192W_46	2693	3940	241	3492	0
YDL192W_70	228	3693	530	3118	6640
YDL192W_28	6003	6548	39	6254	0
YDL192W_39	6663	9928	1165	7577	0
YDL192W_22	8802	9144	127	8942	0
YDL192W_32	2749	3109	73	2951	0
YDL192W_26	1898	2980	552	2035	0
YDL192W_62	652	1769	663	944	0
YDL192W_01	5185	6702	949	5491	0
YDL192W_67	939	1552	339	1163	0
YDL192W_10	4903	7246	892	6162	0
YDL192W_44	2740	2996	69	2766	0
YDL192W_19	7654	8656	311	8094	0
YDL192W_43	1364	1788	79	1714	3666
YDL192W_20	8579	9210	291	8805	0
YDL192W_55	2195	2869	268	2596	0
YDL192W_21	5021	5935	428	5475	0
YDL192W_25	2528	5192	890	3234	7846
YDL192W_06	491	1063	171	640	0
YDL192W_68	3257	3527	63	3402	0
YDL192W_42	6322	7101	459	6616	0
YDL192W_27	2944	3090	7	3022	0
YDL192W_08	2314	3834	291	2565	0
YDL192W_30	98	1244	593	358	0
YDL192W_23	3692	4380	297	3867	0
YDL192W_60	9508	9935	201	9604	0
YDL192W_57	4370	5006	144	4623	0
YDL192W_47	3179	4115	363	3487	0
YDL192W_31	1791	2096	39	2045	0
YDL192W_04	2514	3888	335	2930	0
YDL192W_69	380	811	150	524	0
YDL192W_52	42	499	136	355	0
YFL005W_28	844	1132	55	981	0
YFL005W_08	2332	2540	15	2444	0
YFL005W_35	8163	8424	11	8308	0
YFL005W_43	0	215	16	131	0
YFL005W_14	900	1108	31	1167	0
YFL005W_70	2523	2700	8	2703	0
YFL005W_16	1363	1766	140	1585	0
YFL005W_57	35	248	12	178	0
YFL005W_19	496	628	5	606	0
YFL005W_34	3772	4002	31	4061	0
YFL005W_01	3119	3302	20	3254	0
YFL005W_30	2239	2409	15	2452	0
YFL005W_10	2597	2730	17	2699	0
YFL005W_45	682	941	19	828	0
YFL005W_23	1127	1240	6	1251	0
YFL005W_13	3509	3776	65	3597	0
YFL005W_12	0	158	19	189	0
YFL005W_68	505	677	29	569	0
YFL005W_26	1418	1624	15	1589	0
YFL005W_11	840	925	3	908	0
YFL005W_49	4646	4851	8	4812	0
YFL005W_17	3563	3729	10	3670	0
YFL005W_09	2096	2313	9	2281	0
YFL005W_61	1300	1442	4	1453	0
YFL005W_54	176	291	6	246	0
YFL005W_22	1038	1247	10	1219	0
YFL005W_18	3064	3227	9	3196	0
YFL005W_41	3718	3865	9	3825	0
YFL005W_32	2672	2792	24	2831	0
YFL005W_44	348	523	5	513	0
YFL005W_38	3085	3271	19	3234	0
YFL005W_06	5195	5457	24	5345	0
YFL005W_21	1218	1395	24	1319	0
YFL005W_46	477	617	3	622	0
YFL005W_66	2092	2367	35	2291	0
YFL005W_05	1527	1755	38	1645	0
YFL005W_31	3171	3356	3	3364	0
YFL005W_15	7678	7872	18	7854	0
YFL005W_58	860	1016	4	1033	0
YFL005W_56	240	417	13	344	0
YFL005W_37	2869	2998	6	2983	0
YFL005W_50	835	989	7	955	0
YFL005W_51	3608	3753	5	3728	0
YFL005W_20	701	841	3	822	0
YFL005W_40	2577	2757	5	2716	0
YFL005W_42	1206	1387	13	1314	0
YFL005W_53	1709	2012	53	1925	0
YFL005W_65	1309	1499	5	1522	0
YFL005W_24	648	797	6	754	0
YFL005W_67	3067	3276	22	3217	0
YFL005W_07	3439	3546	15	3500	0
YFL005W_27	395	547	10	512	0
YFL005W_25	1929	2111	11	2138	0
YFL005W_63	3441	3620	8	3556	0
YFL005W_55	169	316	12	319	0
YFL005W_02	1026	1143	21	1131	0
YFL005W_33	2632	2759	7	2712	0
YFL005W_59	67	246	12	174	0
YFL005W_62	1518	1740	58	1637	0
YFL005W_36	1612	1754	11	1796	0
YFL005W_29	2790	2935	6	2942	0
YFL005W_04	0	161	11	125	0
YFL005W_52	363	429	20	454	0
YFL005W_69	1687	1845	22	1805	0
YFL005W_03	1556	1734	14	1759	0
YFL005W_48	9368	9655	22	9603	0
YFL005W_39	286	469	27	406	0
YFL005W_47	3113	3284	11	3212	0
YFL005W_60	508	650	14	619	0
YFL005W_64	0	277	61	118	0
YKR014C_44	6727	6921	68	6766	0
YKR014C_69	492	894	53	731	0
YKR014C_10	1075	1366	34	1304	0
YKR014C_62	724	903	59	903	0
YKR014C_08	257	426	6	458	0
YKR014C_49	4112	4331	63	4338	0
YKR014C_12	4146	4232	20	4165	0
YKR014C_11	3749	3939	12	3956	0
YKR014C_06	6155	6458	101	6223	0
YKR014C_52	1512	1645	10	1619	0
YKR014C_50	4466	4592	22	4528	0
YKR014C_70	2464	2640	21	2674	0
YKR014C_67	3507	3731	16	3638	0
YKR014C_28	776	963	24	935	0
YKR014C_61	608	731	8	713	0
YKR014C_34	1624	1878	66	1809	0
YKR014C_43	6409	6534	7	6509	0
YKR014C_01	222	382	8	394	0
YKR014C_32	631	807	17	821	0
YKR014C_30	1977	2236	28	2145	0
YKR014C_21	1630	1977	26	1771	0
YKR014C_56	193	297	32	327	0
YKR014C_13	187	443	71	282	0
YKR014C_64	878	1073	30	1106	0
YKR014C_55	171	374	60	217	0
YKR014C_15	5972	6144	40	6098	0
YKR014C_36	35	233	25	150	0
YKR014C_18	1034	1177	17	1187	0
YKR014C_51	39	211	10	201	0
YKR014C_05	386	607	23	551	0
YKR014C_47	1482	1676	15	1646	0
YKR014C_20	2838	3117	29	2971	0
YKR014C_31	1982	2182	11	2163	0
YKR014C_26	3179	3492	134	3317	0
YKR014C_29	1678	1971	23	1878	0
YKR014C_33	6484	6821	27	6627	0
YKR014C_38	2247	2417	17	2460	0
YKR014C_40	3559	3917	36	3941	0
YKR014C_66	1806	1953	37	1983	0
YKR014C_25	5312	5570	22	5489	0
YKR014C_39	1556	1681	4	1648	0
YKR014C_58	2131	2327	36	2266	0
YKR014C_19	1154	1463	52	1362	0
YKR014C_24	2039	2280	61	2213	0
YKR014C_42	3485	3986	136	3743	0
YKR014C_41	0	143	26	161	0
YKR014C_63	827	1002	18	988	0
YKR014C_37	471	625	39	698	0
YKR014C_07	2780	2932	3	2924	0
YKR014C_59	1125	1261	15	1220	0
YKR014C_54	2744	2975	22	2921	0
YKR014C_53	2117	2310	17	2267	0
YKR014C_45	1960	2248	37	2199	0
YKR014C_27	1551	1841	69	1746	0
YKR014C_46	6542	6761	28	6704	0
YKR014C_48	2424	2749	43	2541	0
YKR014C_14	628	878	11	834	0
YKR014C_16	6058	6639	185	6244	0
YKR014C_22	6120	6274	23	6336	0
YKR014C_68	1813	2021	39	1894	0
YKR014C_60	2657	2836	20	2798	0
YKR014C_35	365	625	35	580	0
YKR014C_09	725	883	2	869	0
YKR014C_57	3181	3453	13	3401	0
YKR014C_02	5108	5326	64	5222	0
YKR014C_04	1461	1763	44	1536	0
YKR014C_03	420	623	37	482	0
YOR094W_63	8794	8921	16	8881	0
YOR094W_09	7746	7923	10	7816	0
YOR094W_48	301	444	8	411	0
YOR094W_26	4685	4854	21	4913	0
YOR094W_32	3143	3269	22	3281	0
YOR094W_02	943	1157	20	1177	0
YOR094W_39	3201	3373	8	3386	0
YOR094W_20	5250	5452	17	5434	0
YOR094W_22	6985	7155	13	7161	0
YOR094W_10	6866	7049	19	7010	0
YOR094W_03	2109	2410	22	2362	0
YOR094W_56	5903	6071	137	6093	0
YOR094W_17	1291	1397	15	1451	0
YOR094W_29	8002	8106	6	8083	0
YOR094W_49	1638	1760	8	1796	0
YOR094W_16	2183	2579	91	2426	0
YOR094W_33	1798	2011	34	2057	0
YOR094W_47	3247	3424	53	3279	0
YOR094W_07	3464	3777	19	3595	0
YOR094W_18	0	94	13	42	0
YOR094W_37	176	435	51	385	0
YOR094W_57	4818	5059	48	5079	0
YOR094W_14	3869	4136	49	4055	0
YOR094W_59	1882	2073	50	2163	0
YOR094W_11	7228	7382	5	7357	0
YOR094W_67	7343	7413	10	7365	0
YOR094W_13	2207	2338	12	2298	0
YOR094W_19	5778	5891	12	5863	0
YOR094W_55	1904	2083	15	2082	0
YOR094W_12	135	346	19	320	0
YOR094W_70	3459	3644	18	3593	0
YOR094W_66	1954	2195	32	2108	0
YOR094W_15	1252	1498	25	1346	0
YOR094W_06	1439	1612	8	1596	0
YOR094W_21	236	399	14	349	0
YOR094W_62	8134	8350	8	8253	0
YOR094W_31	3993	4307	40	4197	0
YOR094W_36	4282	4435	12	4409	0
YOR094W_51	2787	3011	32	2990	0
YOR094W_45	7259	7440	16	7390	0
YOR094W_04	6449	6659	18	6584	0
YOR094W_23	4045	4244	8	4257	0
YOR094W_01	416	693	74	603	0
YOR094W_52	7440	7615	20	7565	0
YOR094W_64	2262	2442	3	2377	0
YHR022C_32	3711	4290	202	4031	0
YHR022C_57	4196	4464	22	4434	0
YHR022C_30	8218	8432	61	8462	0
YHR022C_62	1274	1703	129	1502	0
YHR022C_26	4944	5210	92	4990	0
YHR022C_54	9166	9291	22	9213	0
YHR022C_61	458	667	16	621	0
YHR022C_47	2089	2254	14	2196	0
YHR022C_45	3984	4123	40	4152	0
YHR022C_42	3348	3531	21	3441	0
YHR022C_23	7645	7814	27	7722	0
YHR022C_33	8616	8945	64	8836	0
YHR022C_35	8706	9123	182	8766	0
YHR022C_70	1509	1603	13	1565	0
YHR022C_21	3241	3463	16	3432	0
YHR022C_22	3433	3618	49	3516	0
YHR022C_20	8456	9078	120	8735	0
YHR022C_55	5917	6137	23	6037	0
YHR022C_34	7889	8227	60	8132	0
YHR022C_53	6347	6515	39	6382	0
YHR022C_03	2719	2844	10	2810	0
YHR022C_39	114	304	16	328	0
YHR022C_48	712	841	53	855	0
YHR022C_50	6748	7225	114	7009	0
YHR022C_59	4069	4316	61	4200	0
YHR022C_04	4683	4770	26	4725	0
YHR022C_05	3626	3848	55	3745	0
YHR022C_49	9204	9584	47	9333	0
YHR022C_52	1388	1640	48	1422	0
YHR022C_29	3044	3118	19	3175	0
YHR022C_41	3318	3669	126	3394	0
YHR022C_38	6760	6926	100	6761	0
YHR022C_40	1201	1387	18	1309	0
YHR022C_64	4955	5206	35	5104	0
YHR022C_10	3506	4155	275	3603	0
YHR022C_60	3506	3873	87	3744	0
YHR022C_11	2157	2801	108	2481	0
YHR022C_02	431	587	12	635	0
YHR022C_18	7501	7914	97	7706	0
YHR022C_58	7381	7603	30	7519	0
YHR022C_15	1183	1559	117	1430	0
YHR022C_09	3154	3570	29	3431	0
YHR022C_69	8729	9024	22	8979	0
YHR022C_17	6438	6585	13	6618	0
YHR022C_24	7489	7716	20	7677	0
YHR022C_43	3504	3958	192	3596	0
YHR022C_12	4410	4612	42	4545	0
YHR022C_08	8056	8464	60	8234	0
YHR022C_28	2166	2440	41	2313	0
YHR022C_44	922	1251	22	1117	0
YCR027C_60	9312	9472	24	9446	0
YCR027C_07	1684	1809	8	1835	0
YCR027C_02	5384	5444	2	5432	0
YCR027C_33	2304	2395	6	2371	0
YCR027C_27	9530	9727	4	9673	0
YCR027C_12	5007	5202	26	5116	0
YCR027C_21	7828	7969	4	7945	0
YCR027C_63	2107	2201	9	2221	0
YCR027C_19	4743	4927	21	4897	0
YCR027C_66	2886	3111	37	3014	0
YCR027C_16	6126	6357	13	6366	0
YCR027C_49	1174	1311	5	1319	0
YCR027C_58	6270	6416	9	6349	0
YCR027C_48	7861	7962	3	7972	0
YCR027C_05	1512	1787	9	1727	0
YCR027C_54	2635	2784	7	2754	0
YCR027C_23	1668	1922	22	1877	0
YCR027C_36	5596	5738	6	5702	0
YCR027C_64	460	650	22	589	0
YCR027C_47	4219	4583	147	4348	0
YCR027C_08	2770	2846	5	2860	0
YCR027C_22	7332	7658	35	7697	0
YCR027C_65	676	845	5	856	0
YCR027C_51	6913	7000	19	7034	0
YCR027C_37	971	1102	6	1041	0
YCR027C_55	4239	4407	3	4416	0
YCR027C_44	2378	2643	22	2690	0
YCR027C_41	1593	1744	10	1720	0
YCR027C_01	5687	5851	9	5810	0
YCR027C_13	4917	5030	10	5043	0
YCR027C_70	2327	2425	10	2432	0
YCR027C_61	4169	4235	4	4247	0
YCR027C_09	3615	3719	36	3725	0
YCR027C_26	552	750	26	688	0
YCR027C_25	9277	9423	13	9376	0
YCR027C_24	1733	1869	14	1845	0
YCR027C_42	5854	5997	9	5970	0
YCR027C_14	2612	2780	27	2644	0
YCR027C_43	1818	1979	7	1909	0
YCR027C_56	314	397	4	420	0
YCR027C_30	5870	5964	5	5964	0
YCR027C_18	2688	2911	62	2742	0
YCR027C_39	6024	6224	35	6121	0
YCR027C_17	674	732	8	761	0
YCR027C_34	1323	1604	29	1618	0
YKL154W_10	5398	5495	2	5475	0
YKL154W_16	3259	3379	10	3430	0
YKL154W_65	1078	1250	15	1263	0
YKL154W_01	4142	4314	10	4303	0
YKL154W_05	7285	7358	3	7362	0
YKL154W_20	618	907	56	777	0
YKL154W_04	2320	2503	11	2482	0
YKL154W_48	2679	2995	68	2900	0
YKL154W_31	3295	3430	4	3458	0
YKL154W_13	3481	3628	17	3657	0
YKL154W_32	916	1221	29	1112	0
YKL154W_37	9076	9287	23	9312	0
YKL154W_30	4737	4864	3	4859	0
YKL154W_38	4989	5173	4	5169	0
YKL154W_14	2299	2400	5	2343	0
YKL154W_47	3876	4042	18	4090	0
YKL154W_35	8155	8344	9	8286	0
YKL154W_63	543	703	7	652	0
YKL154W_12	4129	4308	22	4171	0
YKL154W_53	7499	7623	7	7630	0
YKL154W_62	9308	9490	47	9416	0
YKL154W_18	3501	3637	11	3594	0
YKL154W_57	3179	3387	34	3288	0
YKL154W_03	2416	2552	8	2483	0
YKL154W_51	4297	4480	27	4514	0
YKL154W_50	2299	2547	12	2476	0
YKL154W_21	5951	6121	15	6068	0
YKL154W_06	9546	9795	32	9711	0
YKL154W_60	7074	7188	6	7147	0
YKL154W_19	3999	4121	4	4112	0
YKL154W_22	4898	4972	45	5003	0
YKL154W_43	5593	5754	32	5699	0
YKL154W_36	3996	4098	7	4136	0
YKL154W_49	2444	2628	3	2610	0
YKL154W_45	740	1028	26	910	0
YKL154W_64	7806	8028	76	7865	0
YKL154W_67	2562	2757	13	2723	0
YKL154W_27	7022	7113	24	7144	0
YKL154W_09	856	1023	5	984	0
YKL154W_26	9432	9634	5	9579	0
YKL154W_39	6214	6352	6	6312	0
YKL154W_33	2752	2881	7	2842	0
YKL154W_17	4589	4662	4	4649	0
YKL154W_66	505	677	39	622	0
YKL154W_44	9720	9906	18	9848	0
YKL154W_07	599	861	56	683	0
YKL154W_29	588	702	16	721	0
YKL154W_56	2657	2860	42	2754	0
YKL154W_34	8388	8572	19	8451	0
YBR264C_51	2414	2917	258	2555	0
YBR264C_41	1671	1847	11	1815	0
YBR264C_67	1941	2105	9	2066	0
YBR264C_56	2932	3127	5	3131	0
YBR264C_53	6031	6241	19	6244	0
YBR264C_48	3211	3433	11	3323	0
YBR264C_21	7485	7638	9	7583	0
YBR264C_29	4065	4238	6	4243	0
YBR264C_35	7547	7735	15	7661	0
YBR264C_49	3651	3779	8	3741	0
YBR264C_26	1170	1458	46	1349	0
YBR264C_33	348	640	7	606	0
YBR264C_27	3344	3621	15	3595	0
YBR264C_66	9473	9631	24	9549	0
YBR264C_05	273	439	13	387	0
YBR264C_25	977	1253	25	1286	0
YBR264C_22	988	1196	11	1147	0
YBR264C_69	645	862	57	745	0
YBR264C_11	2940	3152	72	3002	0
YBR264C_52	2454	2603	12	2563	0
YBR264C_20	8705	8849	4	8845	0
YBR264C_23	3351	3607	24	3560	0
YBR264C_18	3021	3226	17	3148	0
YBR264C_09	1871	2024	15	2047	0
YBR264C_42	4564	5200	144	4898	0
YBR264C_40	1012	1216	27	1083	0
YBR264C_13	7463	7678	20	7651	0
YBR264C_31	1743	1966	34	1866	0
YBR264C_19	147	860	435	320	0
YBR264C_50	1328	1489	8	1503	0
YBR264C_38	1441	1616	19	1614	0
YBR264C_28	4840	5027	11	4937	0
YBR264C_16	1003	1332	54	1203	0
YBR264C_01	7783	7936	13	7951	0
YBR264C_59	1719	1807	6	1818	0
YBR264C_61	7704	7912	13	7894	0
YBR264C_06	381	550	31	573	0
YBR264C_60	1422	1656	10	1657	0
YBR264C_44	5777	5925	34	5948	0
YBR264C_64	941	1477	78	1291	0
YBR264C_34	2801	2985	12	2960	0
YBR264C_30	4438	4558	10	4528	0
YBR264C_68	6279	6425	7	6419	0
YBR264C_43	6153	6333	25	6236	0
YBR264C_12	811	902	5	889	0
YBR264C_70	3433	3523	3	3525	0
YBR264C_54	2872	3235	78	3083	0
YBR264C_37	2269	2586	45	2387	0
YBR264C_15	1220	1523	77	1401	0
YBR264C_47	2066	2415	56	2248	0
YBR264C_10	424	566	7	540	0
YBR264C_62	457	697	12	647	0
YBR264C_17	1817	2102	67	1987	0
YBR264C_07	7428	7537	13	7495	0
YBR264C_39	1859	2083	68	2090	0
YBR264C_65	6463	6617	4	6622	0
YBR264C_63	4393	4739	70	4630	0
YBR264C_24	2014	2236	70	2265	0
YBR264C_14	1021	1268	46	1093	0
YBR264C_02	8627	8781	13	8800	0
YBR264C_58	315	548	28	436	0
YBR264C_08	4458	4623	19	4549	0
YBR264C_03	5768	6405	119	6128	0
YBR264C_46	2031	2266	37	2184	0
YBR264C_04	1386	1554	6	1504	0
YLR293C_13	6246	6473	29	6440	0
YLR293C_32	841	1013	11	959	0
YLR293C_09	7696	7984	47	7872	0
YLR293C_29	366	569	19	510	0
YLR293C_27	3479	3592	5	3562	0
YLR293C_39	798	1059	14	1040	0
YLR293C_69	2013	2283	9	2254	0
YLR293C_56	549	807	9	742	0
YLR293C_65	7593	7710	10	7672	0
YLR293C_52	2327	2664	49	2490	0
YLR293C_44	2292	2493	3	2471	0
YLR293C_03	201	330	6	303	0
YLR293C_24	2633	2773	15	2719	0
YLR293C_68	8749	8897	13	8820	0
YLR293C_22	1425	1575	10	1589	0
YLR293C_02	1286	1501	23	1437	0
YLR293C_63	2997	3219	37	3155	0
YLR293C_05	4329	4474	7	4443	0
YLR293C_06	7792	8015	28	7930	0
YLR293C_67	1782	1999	23	1962	0
YLR293C_17	1552	1655	24	1635	0
YLR293C_40	2724	2916	9	2876	0
YLR293C_55	8186	8438	27	8398	0
YLR293C_23	1833	2040	14	1994	0
YLR293C_11	1100	1288	6	1242	0
YLR293C_14	1349	1491	20	1455	0
YLR293C_36	3809	3981	16	3980	0
YLR293C_10	113	476	87	354	0
YLR293C_31	9096	9605	95	9370	0
YLR293C_42	1215	1497	50	1547	0
YLR293C_15	8950	9168	25	9133	0
YLR293C_66	2164	2403	25	2261	0
YLR293C_30	1175	1439	20	1323	0
YLR293C_34	2589	2794	11	2808	0
YLR293C_50	380	541	11	517	0
YLR293C_28	1434	1580	5	1550	0
YLR293C_38	4051	4186	12	4211	0
YLR293C_45	4094	4254	6	4268	0
YLR293C_04	7923	8157	28	8149	0
YLR293C_59	8805	8978	4	8988	0
YLR293C_26	2802	3092	55	2934	0
YLR293C_57	1389	1748	143	1553	0
YLR293C_61	812	964	33	979	0
YLR293C_53	9753	9933	12	9871	0
YLR293C_33	3026	3263	73	3146	0
YLR293C_18	1011	1214	27	1232	0
YLR293C_62	1508	1729	17	1656	0
YLR293C_01	4839	4991	17	4956	0
YLR293C_20	2167	2328	30	2354	0
YLR293C_60	8536	8949	51	8842	0
YLR293C_48	7386	7501	5	7448	0
YLR293C_47	9743	9898	8	9919	0
YLR293C_37	619	771	17	712	0
YLR293C_43	7295	7486	6	7424	0
YLR293C_46	5095	5273	11	5274	0
YLR293C_41	1333	1515	7	1481	0
YOR185C_06	7057	7349	114	7181	0
YOR185C_36	6435	6630	11	6594	0
YOR185C_24	500	626	4	597	0
YOR185C_63	3054	3269	20	3196	0
YOR185C_03	208	317	7	339	0
YOR185C_43	856	1083	30	968	0
YOR185C_35	5532	5695	9	5696	0
YOR185C_11	1208	1409	14	1376	0
YOR185C_51	3926	4235	64	4108	0
YOR185C_42	4501	4791	64	4658	0
YOR185C_33	603	1032	43	825	0
YOR185C_52	5341	5481	10	5450	0
YOR185C_02	2306	2483	17	2455	0
YOR185C_70	4471	4599	3	4547	0
YOR185C_60	7254	7508	62	7534	0
YOR185C_31	4530	5040	232	4775	0
YOR185C_08	422	614	20	677	0
YOR185C_58	827	1548	194	1219	0
YOR185C_39	2643	2823	10	2857	0
YOR185C_41	3905	4058	43	3950	0
YOR185C_45	2011	2205	33	2119	0
YOR185C_13	9195	9319	10	9319	0
YOR185C_56	8019	8332	37	8216	0
YOR185C_01	6560	6805	31	6675	0
YOR185C_53	2328	2441	31	2468	0
YOR185C_29	375	584	12	553	0
YOR185C_65	7165	7376	10	7335	0
YOR185C_28	4506	4662	4	4639	0
YOR185C_59	4477	4701	25	4630	0
YOR185C_25	1182	1349	8	1313	0
YOR185C_22	922	1172	20	981	0
YOR185C_49	2858	3096	22	3059	0
YOR185C_57	1496	1625	9	1583	0
YOR185C_67	7136	7353	10	7299	0
YOR185C_19	6563	6793	43	6607	0
YOR185C_23	385	523	20	544	0
YOR185C_62	5605	5744	26	5675	0
YOR185C_66	168	381	5	339	0
YOR185C_20	1460	1615	11	1568	0
YOR185C_37	1555	1769	24	1699	0
YOR185C_14	3330	3476	11	3436	0
YOR185C_12	7336	7504	32	7427	0
YOR185C_16	3785	3963	6	3906	0
YOR185C_34	7728	7931	14	7928	0
YOR185C_40	3055	3171	7	3184	0
YOR185C_26	1472	1703	43	1629	0
YOR185C_69	1086	1293	14	1273	0
YOR185C_50	743	1070	141	883	0
YOR185C_44	3393	3616	18	3627	0
YOR185C_15	7883	8079	8	7974	0
YOR185C_09	234	424	9	369	0
YBR164C_13	6391	6531	10	6488	0
YBR164C_53	204	345	6	368	0
YBR164C_52	1827	2027	55	1958	0
YBR164C_43	177	524	28	392	0
YBR164C_04	1033	1234	21	1125	0
YBR164C_03	5173	5343	13	5315	0
YBR164C_46	3253	3547	50	3447	0
YBR164C_10	1276	1446	15	1458	0
YBR164C_01	900	1203	31	1035	0
YBR164C_47	6319	6431	6	6400	0
YBR164C_59	538	686	5	653	0
YBR164C_49	7365	7562	7	7540	0
YBR164C_28	2958	3085	9	3040	0
YBR164C_37	3956	4086	6	4082	0
YBR164C_44	8324	8392	70	8422	0
YBR164C_11	1460	1647	18	1593	0
YBR164C_27	8100	8284	20	8273	0
YBR164C_56	4250	4411	14	4413	0
YBR164C_38	1189	1404	19	1269	0
YBR164C_06	1018	1150	20	1120	0
YBR164C_15	7151	7322	9	7309	0
YBR164C_33	4381	4472	25	4479	0
YBR164C_51	8633	8889	95	8652	0
YBR164C_14	5362	5560	56	5479	0
YBR164C_08	6096	6354	28	6246	0
YBR164C_48	9215	9319	8	9296	0
YBR164C_57	6480	6633	5	6626	0
YBR164C_62	3274	3363	15	3422	0
YBR164C_70	9366	9578	14	9513	0
YNL090W_36	1557	1722	31	1676	0
YNL090W_17	3706	3842	20	3871	0
YNL090W_11	8410	8848	143	8665	0
YNL090W_19	3519	3636	15	3651	0
YNL090W_42	3087	3240	2	3223	0
YNL090W_32	6511	6772	25	6604	0
YNL090W_28	4660	4886	11	4819	0
YNL090W_57	2271	2656	30	2523	0
YNL090W_67	2667	2913	30	2870	0
YNL090W_51	932	1275	107	1095	0
YNL090W_37	5295	5538	18	5482	0
YNL090W_50	146	288	10	297	0
YNL090W_66	1630	1796	20	1732	0
YNL090W_03	6717	6884	10	6920	0
YNL090W_22	1447	1594	21	1553	0
YNL090W_60	5412	5557	18	5528	0
YNL090W_06	1635	1773	6	1796	0
YNL090W_56	6808	6994	5	7012	0
YNL090W_21	7348	7486	19	7451	0
YNL090W_62	9659	9741	2	9736	0
YNL090W_09	6375	6591	27	6545	0
YNL090W_15	2528	2703	30	2719	0
YNL090W_64	1503	1679	25	1622	0
YNL090W_12	605	765	5	798	0
YNL090W_05	2155	2361	22	2310	0
YNL090W_20	939	1084	30	1125	0
YNL090W_44	1195	1358	14	1328	0
YNL090W_24	4625	4876	20	4730	0
YNL090W_25	1107	1216	17	1177	0
YNL090W_43	4737	4960	25	4932	0
YNL090W_40	5657	5800	4	5814	0
YNL090W_54	2268	2361	8	2396	0
YNL090W_68	828	939	3	945	0
YNL090W_30	8201	8417	41	8328	0
YNL090W_01	110	260	9	216	0
YNL090W_23	7377	7583	8	7503	0
YNL090W_65	8941	9119	20	9045	0
YNL090W_02	2153	2315	12	2306	0
YNL090W_61	9213	9354	10	9303	0
YNL090W_41	2356	2485	11	2491	0
YNL090W_46	1283	1518	70	1415	0
YNL090W_58	9186	9383	10	9350	0
YNL090W_55	892	1066	3	1087	0
YNL090W_33	581	678	23	738	0
YNL090W_48	7036	7205	3	7198	0
YNL090W_49	3942	4096	12	4141	0
YNL090W_16	4007	4118	6	4106	0
YMR138W_22	1147	1350	20	1226	0
YMR138W_66	2952	3117	27	3152	0
YMR138W_24	608	812	14	764	0
YMR138W_46	1381	1576	7	1471	0
YMR138W_42	2320	2404	93	2486	0
YMR138W_49	1222	1263	0	none	0
YMR138W_11	4290	4345	13	4362	0
YMR138W_17	8108	8284	10	8263	0
YMR138W_37	7169	7335	6	7304	0
YMR138W_19	1626	1916	13	1878	0
YMR138W_31	9017	9216	6	9153	0
YMR138W_21	9110	9174	23	9189	0
YMR138W_62	6495	6668	27	6575	0
YMR138W_35	537	619	4	595	0
YMR138W_18	455	688	71	608	0
YMR138W_03	6323	6846	197	6627	0
YMR138W_07	105	262	3	263	0
YMR138W_53	6565	6734	4	6677	0
YMR138W_69	4147	4222	9	4255	0
YMR138W_15	6648	6798	38	6818	0
YMR138W_67	809	992	47	893	0
YMR138W_41	4447	4718	23	4605	0
YMR138W_43	983	1188	54	1061	0
YMR138W_55	4009	4148	16	4186	0
YMR138W_12	3420	3612	12	3627	0
YMR138W_44	3912	4081	3	4085	0
YMR138W_23	2038	2222	12	2184	0
YMR138W_64	4704	5033	60	4878	0
YMR138W_05	1908	2418	65	2288	0
YMR138W_51	6735	7148	99	6992	0
YMR138W_08	1237	1366	14	1383	0
YMR138W_45	2757	3025	67	2915	0
YMR138W_10	3998	4171	23	4082	0
YMR138W_38	3195	3326	28	3348	0
YMR138W_65	1529	1686	11	1672	0
YMR138W_56	3874	4048	3	4014	0
YMR138W_04	788	1006	51	928	0
YMR138W_09	3403	3519	13	3547	0
YMR138W_48	3301	3444	8	3367	0
YMR138W_34	5838	6066	3	6049	0
YMR138W_33	3063	3183	15	3109	0
YMR138W_29	1219	1415	12	1397	0
YMR138W_26	5169	5382	82	5403	0
YMR138W_58	3068	3317	18	3341	0
YMR138W_30	2371	2500	12	2517	0
YMR138W_06	8869	9068	13	8998	0
YMR138W_59	461	749	42	715	0
YMR138W_54	7652	7842	18	7812	0
YMR138W_63	1400	1510	10	1552	0
YMR138W_02	351	663	50	551	0
YMR138W_27	1676	1773	25	1804	0
YMR138W_36	2487	2781	15	2629	0
YMR138W_68	1398	1526	4	1496	0
YMR138W_32	52	233	5	242	0
YMR138W_39	5558	5787	21	5794	0
YMR138W_60	8248	8474	14	8530	0
YMR138W_52	1311	1512	37	1546	0
YMR138W_28	0	189	9	204	0
YMR138W_16	3691	3840	26	3877	0
YMR138W_70	6158	6328	13	6339	0
YMR138W_25	3346	3526	10	3525	0
YMR138W_57	578	793	28	664	0
YMR138W_14	2410	2678	66	2562	0
YMR138W_61	7453	7629	13	7632	0
YMR138W_50	3272	3410	17	3378	0
YMR138W_01	8024	8206	16	8175	0
