alnA	alnB	A	B	YDL192W_49	YDL192W_53	YDL192W_07	YDL192W_70	YDL192W_43	YDL192W_25
33	167	12	58	4999.0	6701.0	4699.0	6110.0	2921.0	7497.0
34	167	13	58	5000.0	6702.0	4699.0	6111.0	2921.0	7499.0
37	167	15	58	5002.0	6703.0	4700.0	6112.0	2921.0	7502.0
37	169	15	60	5003.0	6706.0	4705.0	6114.0	2922.0	7504.0
37	203	15	84	5016.0	6867.0	4736.0	6409.0	3145.0	7492.0
38	167	16	58	5005.0	6706.0	4702.0	6116.0	2922.0	7505.0
38	168	16	59	5010.0	6709.0	4705.0	6171.0	2924.0	7514.0
38	169	16	60	5006.0	6710.0	4709.0	6127.0	2923.0	7507.0
38	203	16	84	5016.0	6867.0	4737.0	6410.0	3144.0	7535.0
38	204	16	85	5017.0	6868.0	4737.0	6410.0	3144.0	7589.0
38	389	16	171	5036.0	8283.0	20000.0	6645.0	3648.0	7869.0
38	390	16	172	5043.0	8282.0	20000.0	6646.0	3647.0	7890.0
38	170	16	61	5004.0	6707.0	4704.0	6115.0	2922.0	7502.0
43	203	17	84	5018.0	6868.0	4738.0	6410.0	3145.0	7549.0
43	169	17	60	5006.0	6712.0	4709.0	6128.0	2810.0	7509.0
43	198	17	82	4987.0	6858.0	4735.0	6410.0	3141.0	7482.0
43	202	17	83	5014.0	6868.0	4736.0	6411.0	3144.0	7537.0
43	171	17	62	5002.0	6712.0	4704.0	6115.0	2802.0	7501.0
43	204	17	85	5019.0	6869.0	4738.0	6411.0	3152.0	7597.0
44	169	18	60	5005.0	6711.0	4706.0	6128.0	2803.0	7510.0
44	170	18	61	5006.0	6713.0	4708.0	6130.0	2811.0	7529.0
44	171	18	62	5005.0	6719.0	4708.0	6124.0	2811.0	7528.0
44	202	18	83	5015.0	6868.0	4738.0	6412.0	3144.0	7546.0
44	204	18	85	5017.0	6870.0	4739.0	6411.0	3144.0	7486.0
44	168	18	59	5005.0	6706.0	4701.0	6116.0	2802.0	7506.0
44	206	18	87	5018.0	6866.0	4738.0	6411.0	3144.0	7484.0
44	205	18	86	5018.0	6868.0	4739.0	6411.0	3144.0	7485.0
44	389	18	171	5046.0	8282.0	20000.0	6644.0	3648.0	7868.0
44	385	18	168	5071.0	8283.0	5623.0	6644.0	3651.0	7859.0
45	202	19	83	4927.0	6857.0	4733.0	6410.0	3142.0	7476.0
45	204	19	85	5005.0	6868.0	4737.0	6411.0	3146.0	7483.0
45	205	19	86	5024.0	6872.0	4738.0	6412.0	3151.0	7595.0
45	171	19	62	5008.0	6719.0	4708.0	6123.0	2814.0	7529.0
45	194	19	79	4988.0	6845.0	4713.0	6405.0	3141.0	7455.0
45	195	19	80	5002.0	6857.0	4735.0	6408.0	3143.0	7468.0
45	206	19	87	5027.0	6871.0	4738.0	6412.0	3149.0	7541.0
45	230	19	108	5022.0	6866.0	5054.0	6478.0	3142.0	7669.0
45	249	19	117	5051.0	6893.0	5097.0	6484.0	3145.0	7741.0
45	172	19	63	5004.0	6718.0	4706.0	6117.0	2815.0	7505.0
45	173	19	64	5001.0	6718.0	4704.0	6116.0	2811.0	7501.0
46	170	20	61	5004.0	6712.0	4700.0	6115.0	2808.0	7506.0
46	171	20	62	5006.0	6719.0	4704.0	6117.0	2812.0	7528.0
46	173	20	64	5005.0	6721.0	4706.0	6121.0	3111.0	7534.0
46	206	20	87	5028.0	6876.0	4748.0	6493.0	3148.0	7589.0
46	54	20	28	20000.0	20000.0	20000.0	20000.0	20000.0	20000.0
46	172	20	63	5020.0	6720.0	4707.0	6161.0	2872.0	7551.0
46	208	20	89	4952.0	6873.0	4738.0	6412.0	3145.0	7491.0
46	58	20	32	4533.0	20000.0	4674.0	6078.0	2786.0	7499.0
46	57	20	31	4525.0	20000.0	2918.0	5819.0	2777.0	7489.0
47	54	21	28	20000.0	20000.0	20000.0	20000.0	20000.0	20000.0
47	206	21	87	5025.0	6874.0	4739.0	6413.0	3147.0	7493.0
47	207	21	88	5028.0	6877.0	4742.0	6417.0	3150.0	7589.0
47	208	21	89	5025.0	6876.0	4741.0	6413.0	3148.0	7579.0
47	173	21	64	5033.0	6721.0	4737.0	6122.0	3144.0	7564.0
47	226	21	104	5018.0	6868.0	5054.0	6476.0	3146.0	7557.0
47	205	21	86	4929.0	6868.0	4736.0	6411.0	3143.0	7479.0
47	195	21	80	4929.0	6845.0	4709.0	6404.0	3141.0	7456.0
47	230	21	108	5028.0	6869.0	5061.0	6479.0	3145.0	7669.0
47	191	21	76	5000.0	6839.0	4706.0	6324.0	3140.0	7455.0
47	52	21	26	20000.0	20000.0	20000.0	20000.0	20000.0	20000.0
48	226	22	104	5035.0	6876.0	5064.0	6410.0	3149.0	7616.0
48	52	22	26	20000.0	20000.0	20000.0	20000.0	20000.0	20000.0
48	208	22	89	5028.0	6877.0	4754.0	6416.0	3149.0	7588.0
48	222	22	101	5019.0	6877.0	4791.0	6410.0	3149.0	7613.0
48	221	22	100	5014.0	6874.0	4753.0	6408.0	3146.0	7562.0
49	208	23	89	5028.0	6879.0	4752.0	6417.0	3152.0	7590.0
49	221	23	100	5017.0	6880.0	4754.0	6410.0	3149.0	7574.0
49	217	23	96	5014.0	6875.0	4745.0	6411.0	3147.0	7561.0
49	177	23	66	5031.0	6852.0	4735.0	6182.0	3141.0	7552.0
49	54	23	28	20000.0	20000.0	20000.0	20000.0	20000.0	20000.0
50	177	24	66	5031.0	6868.0	4761.0	6186.0	3143.0	7581.0
50	213	24	94	5018.0	6879.0	4747.0	6412.0	3148.0	7564.0
51	213	25	94	5019.0	6880.0	4749.0	6412.0	3149.0	7564.0
51	210	25	91	5020.0	6880.0	4745.0	6415.0	3150.0	7564.0
51	256	25	124	5096.0	6894.0	5118.0	6529.0	3326.0	7795.0
51	257	25	125	5097.0	7742.0	5127.0	6531.0	3332.0	7802.0
52	210	26	91	5026.0	6884.0	4747.0	6415.0	3151.0	7565.0
52	257	26	125	5098.0	6897.0	5183.0	6535.0	3342.0	7806.0
52	208	26	89	5007.0	6876.0	4739.0	6400.0	3146.0	7454.0
52	209	26	90	5026.0	6883.0	4743.0	6414.0	3149.0	7564.0
52	213	26	94	5035.0	6885.0	4752.0	6413.0	3151.0	7652.0
52	256	26	124	5096.0	6895.0	5119.0	6531.0	3330.0	7799.0
52	57	26	31	20000.0	20000.0	20000.0	20000.0	20000.0	20000.0
53	256	27	124	5097.0	6896.0	5127.0	6534.0	3338.0	7801.0
53	257	27	125	5099.0	6907.0	5185.0	6571.0	3354.0	7838.0
53	57	27	31	20000.0	20000.0	20000.0	20000.0	20000.0	20000.0
53	373	27	158	5099.0	8284.0	5602.0	6640.0	3663.0	7848.0
54	208	28	89	5025.0	6883.0	4739.0	6406.0	3145.0	7497.0
54	58	28	32	20000.0	20000.0	20000.0	20000.0	20000.0	20000.0
54	172	28	63	4968.0	6684.0	4688.0	6108.0	3101.0	7427.0
54	206	28	87	4939.0	6877.0	4699.0	6366.0	3142.0	7449.0
54	173	28	64	4977.0	6689.0	4692.0	6116.0	3107.0	7472.0
54	176	28	65	4978.0	6719.0	4695.0	6120.0	3109.0	7472.0
54	59	28	33	20000.0	20000.0	20000.0	20000.0	20000.0	20000.0
55	172	29	63	4980.0	6686.0	4693.0	6115.0	3108.0	7472.0
55	119	29	42	4698.0	20000.0	4618.0	6051.0	2758.0	7392.0
55	173	29	64	5043.0	6718.0	4699.0	6170.0	3146.0	7553.0
55	59	29	33	20000.0	20000.0	20000.0	20000.0	20000.0	20000.0
56	373	30	158	5096.0	8285.0	5602.0	6639.0	3660.0	7847.0
56	60	30	34	20000.0	20000.0	20000.0	20000.0	20000.0	20000.0
57	256	31	124	5093.0	7319.0	5495.0	6528.0	3455.0	7801.0
57	373	31	158	5099.0	8268.0	5604.0	6641.0	3660.0	7849.0
57	381	31	164	5097.0	8282.0	5605.0	6641.0	3656.0	7848.0
57	371	31	156	5096.0	8265.0	5599.0	6638.0	3660.0	7842.0
57	61	31	35	20000.0	20000.0	20000.0	20000.0	20000.0	20000.0
57	254	31	122	5090.0	7316.0	5110.0	6524.0	3452.0	7795.0
57	385	31	168	5094.0	8281.0	5606.0	6643.0	3648.0	7852.0
57	208	31	89	5023.0	6886.0	4728.0	6479.0	3144.0	7731.0
57	255	31	123	5093.0	7320.0	5116.0	6527.0	3455.0	7801.0
58	385	32	168	5096.0	8280.0	5608.0	6644.0	3650.0	7859.0
58	62	32	36	20000.0	20000.0	20000.0	20000.0	20000.0	20000.0
58	137	32	54	4414.0	6717.0	4697.0	6097.0	20000.0	7543.0
58	170	32	61	4857.0	6684.0	4695.0	6103.0	2746.0	7543.0
58	172	32	63	4864.0	6692.0	4636.0	6111.0	2793.0	7551.0
59	63	33	37	20000.0	20000.0	20000.0	20000.0	20000.0	20000.0
60	372	34	157	5094.0	8264.0	5602.0	6639.0	3660.0	7845.0
60	373	34	158	5095.0	8265.0	5604.0	6639.0	3659.0	7846.0
60	381	34	164	5094.0	8266.0	5605.0	6641.0	3652.0	7848.0
60	375	34	160	5097.0	8286.0	5605.0	6642.0	3660.0	7852.0
60	376	34	161	5096.0	8268.0	5605.0	6642.0	3660.0	7853.0
60	374	34	159	5097.0	8287.0	5605.0	6641.0	3660.0	7849.0
60	382	34	165	5095.0	8291.0	5607.0	6644.0	3657.0	7853.0
61	381	35	164	5095.0	8267.0	5606.0	6643.0	3653.0	7852.0
61	382	35	165	5101.0	8285.0	5608.0	6645.0	3679.0	7858.0
61	385	35	168	5092.0	8275.0	5606.0	6645.0	3649.0	7856.0
61	140	35	56	4809.0	6688.0	4698.0	5698.0	20000.0	7540.0
61	168	35	59	4912.0	6799.0	4696.0	6092.0	3451.0	7707.0
61	170	35	61	4918.0	6685.0	4591.0	6097.0	20000.0	7540.0
62	140	36	56	4371.0	6690.0	4701.0	5700.0	20000.0	7542.0
62	137	36	54	4336.0	6713.0	4621.0	5700.0	20000.0	7541.0
62	138	36	55	4388.0	6717.0	4702.0	5701.0	20000.0	7542.0
62	170	36	61	4920.0	6686.0	4598.0	6100.0	20000.0	7544.0
119	177	42	66	4846.0	20000.0	4551.0	6096.0	20000.0	7499.0
119	173	42	64	4188.0	20000.0	4359.0	6098.0	20000.0	7402.0
119	176	42	65	4498.0	20000.0	4358.0	6097.0	20000.0	7518.0
119	135	42	52	20000.0	20000.0	20000.0	20000.0	20000.0	6558.0
119	172	42	63	4367.0	20000.0	3310.0	6098.0	20000.0	7409.0
132	176	50	65	4194.0	20000.0	4359.0	6100.0	20000.0	7514.0
132	190	50	75	5014.0	6778.0	4876.0	6414.0	3111.0	7539.0
132	172	50	63	4189.0	20000.0	4356.0	6096.0	20000.0	7509.0
132	173	50	64	4191.0	20000.0	4357.0	6098.0	20000.0	7511.0
134	172	51	63	4189.0	20000.0	4357.0	6097.0	20000.0	5587.0
134	173	51	64	4192.0	20000.0	4358.0	6098.0	20000.0	7511.0
134	176	51	65	4193.0	20000.0	4360.0	6100.0	20000.0	7513.0
134	171	51	62	20000.0	20000.0	2637.0	6095.0	20000.0	5584.0
134	194	51	79	5009.0	6766.0	4741.0	6409.0	3130.0	7527.0
135	171	52	62	20000.0	20000.0	20000.0	20000.0	20000.0	5587.0
135	172	52	63	20000.0	20000.0	2650.0	6100.0	20000.0	5588.0
135	170	52	61	20000.0	20000.0	20000.0	20000.0	20000.0	20000.0
136	170	53	61	20000.0	20000.0	20000.0	20000.0	20000.0	20000.0
136	171	53	62	20000.0	20000.0	20000.0	20000.0	20000.0	20000.0
136	169	53	60	20000.0	20000.0	20000.0	20000.0	20000.0	20000.0
136	168	53	59	20000.0	20000.0	20000.0	20000.0	20000.0	20000.0
137	170	54	61	20000.0	20000.0	20000.0	20000.0	20000.0	20000.0
137	172	54	63	20000.0	20000.0	20000.0	20000.0	20000.0	20000.0
137	171	54	62	20000.0	20000.0	20000.0	20000.0	20000.0	20000.0
137	168	54	59	20000.0	20000.0	20000.0	20000.0	20000.0	20000.0
137	169	54	60	20000.0	20000.0	20000.0	20000.0	20000.0	20000.0
138	168	55	59	20000.0	20000.0	20000.0	20000.0	20000.0	20000.0
138	169	55	60	20000.0	20000.0	20000.0	20000.0	20000.0	20000.0
138	170	55	61	20000.0	20000.0	20000.0	20000.0	20000.0	20000.0
138	167	55	58	20000.0	20000.0	20000.0	20000.0	20000.0	20000.0
140	168	56	59	20000.0	20000.0	20000.0	20000.0	20000.0	20000.0
140	170	56	61	20000.0	20000.0	20000.0	20000.0	20000.0	20000.0
140	167	56	58	20000.0	20000.0	20000.0	20000.0	20000.0	20000.0
142	167	57	58	20000.0	20000.0	20000.0	20000.0	20000.0	20000.0
168	385	59	168	5110.0	8294.0	5625.0	6647.0	3653.0	7862.0
168	389	59	171	5036.0	8279.0	20000.0	6647.0	3650.0	7867.0
168	390	59	172	5043.0	8278.0	20000.0	6645.0	3649.0	7886.0
170	385	61	168	5073.0	8280.0	5608.0	6645.0	3651.0	7859.0
171	194	62	79	4955.0	6858.0	4737.0	6409.0	3136.0	7502.0
181	190	70	75	20000.0	20000.0	20000.0	20000.0	20000.0	20000.0
190	194	75	79	20000.0	20000.0	20000.0	20000.0	20000.0	20000.0
191	195	76	80	20000.0	20000.0	20000.0	20000.0	20000.0	20000.0
191	226	76	104	5013.0	6866.0	5066.0	6482.0	3244.0	7666.0
191	229	76	107	5013.0	6863.0	5073.0	6480.0	3101.0	7668.0
192	196	77	81	20000.0	20000.0	20000.0	20000.0	20000.0	20000.0
192	229	77	107	5018.0	6866.0	5073.0	6481.0	3105.0	7669.0
193	198	78	82	20000.0	20000.0	20000.0	20000.0	20000.0	20000.0
194	202	79	83	20000.0	20000.0	20000.0	20000.0	20000.0	20000.0
194	241	79	114	5044.0	6913.0	5097.0	6522.0	3140.0	7686.0
195	230	80	108	5024.0	6864.0	5073.0	6483.0	3101.0	7671.0
195	236	80	111	5031.0	6864.0	5096.0	6482.0	3100.0	7672.0
195	226	80	104	5015.0	6858.0	5061.0	6481.0	3093.0	7665.0
195	229	80	107	5017.0	6861.0	5068.0	6481.0	3097.0	7668.0
195	241	80	114	5043.0	6911.0	5099.0	6488.0	3140.0	7738.0
195	249	80	117	5040.0	6891.0	5096.0	6487.0	3101.0	7685.0
196	236	81	111	5032.0	6870.0	5095.0	6483.0	3132.0	7674.0
196	241	81	114	5045.0	6912.0	5098.0	6488.0	3146.0	7739.0
202	241	83	114	5050.0	6912.0	5100.0	6487.0	3146.0	7742.0
202	249	83	117	5043.0	6893.0	5098.0	6522.0	3141.0	7739.0
202	246	83	116	5040.0	6892.0	5098.0	6483.0	3141.0	7737.0
203	246	84	116	5041.0	6895.0	5098.0	6483.0	3142.0	7738.0
203	249	84	117	5052.0	6896.0	5098.0	6524.0	3144.0	7741.0
203	250	84	118	5078.0	6897.0	5101.0	6531.0	3146.0	7795.0
204	249	85	117	5066.0	6897.0	5101.0	6525.0	3145.0	7795.0
204	250	85	118	5083.0	6906.0	5110.0	6529.0	3149.0	7796.0
204	389	85	171	5045.0	20000.0	20000.0	6643.0	3650.0	7890.0
205	250	86	118	5088.0	6903.0	5109.0	6527.0	3150.0	7798.0
205	251	86	119	5092.0	6903.0	5110.0	6538.0	3170.0	7797.0
205	230	86	108	5021.0	6862.0	5057.0	6481.0	3095.0	7669.0
205	249	86	117	5055.0	6896.0	5100.0	6487.0	3146.0	7795.0
205	252	86	120	4916.0	6897.0	5108.0	6528.0	3148.0	7795.0
205	389	86	171	5073.0	20000.0	20000.0	6644.0	3650.0	7891.0
206	252	87	120	4881.0	6898.0	5109.0	6528.0	3148.0	7798.0
206	254	87	122	4878.0	6894.0	5109.0	6526.0	3145.0	7793.0
206	384	87	167	5076.0	8281.0	5606.0	6640.0	3650.0	7844.0
206	385	87	168	5079.0	8286.0	5619.0	6644.0	3663.0	7859.0
206	369	87	154	5097.0	8275.0	5589.0	6636.0	3660.0	7837.0
206	389	87	171	5078.0	8284.0	5624.0	6643.0	3650.0	7868.0
207	251	88	119	4878.0	6894.0	5101.0	6501.0	3145.0	7796.0
207	252	88	120	4881.0	6896.0	5110.0	6527.0	3148.0	7799.0
207	253	88	121	4904.0	6897.0	5115.0	6528.0	3172.0	7800.0
207	254	88	122	5095.0	6897.0	5115.0	6528.0	3170.0	7798.0
207	227	88	105	4866.0	6863.0	5056.0	6406.0	3102.0	7524.0
207	221	88	100	3605.0	6732.0	20000.0	6349.0	3017.0	7265.0
207	222	88	101	4812.0	6737.0	4889.0	6352.0	3086.0	7272.0
207	226	88	104	4825.0	6860.0	5050.0	6354.0	3097.0	7501.0
207	230	88	108	4826.0	6864.0	5056.0	6404.0	3098.0	7668.0
208	254	89	122	5100.0	6898.0	5118.0	6531.0	3172.0	7801.0
208	255	89	123	5099.0	6896.0	5117.0	6530.0	3171.0	7798.0
208	256	89	124	5097.0	6894.0	5117.0	6529.0	3151.0	7795.0
208	222	89	101	20000.0	20000.0	20000.0	20000.0	3092.0	7284.0
209	253	90	121	5091.0	6893.0	5112.0	6525.0	3145.0	7798.0
209	254	90	122	5098.0	6897.0	5117.0	6529.0	3172.0	7800.0
209	255	90	123	5100.0	6897.0	5119.0	6533.0	3173.0	7805.0
209	213	90	94	20000.0	20000.0	20000.0	20000.0	20000.0	20000.0
209	219	90	98	20000.0	20000.0	20000.0	20000.0	20000.0	20000.0
209	222	90	101	20000.0	20000.0	20000.0	20000.0	20000.0	20000.0
209	256	90	124	5099.0	6896.0	5124.0	6532.0	3170.0	7802.0
209	290	90	132	5096.0	6853.0	5125.0	6559.0	3157.0	7798.0
209	295	90	137	5092.0	8257.0	5560.0	6592.0	3613.0	7805.0
209	368	90	153	5097.0	8272.0	5589.0	6637.0	3661.0	7838.0
209	369	90	154	5100.0	8275.0	5592.0	6638.0	3661.0	7839.0
209	283	90	131	5095.0	6849.0	5115.0	6524.0	3128.0	7792.0
209	291	90	133	5096.0	6856.0	5126.0	6573.0	3162.0	7801.0
209	292	90	134	5094.0	8033.0	5412.0	6575.0	3352.0	7802.0
209	370	90	155	5099.0	8273.0	5596.0	6638.0	3662.0	7839.0
210	290	91	132	5099.0	6861.0	5428.0	6577.0	3164.0	7805.0
210	256	91	124	5100.0	6905.0	5133.0	6543.0	3173.0	7806.0
210	257	91	125	5100.0	6898.0	5128.0	6538.0	3170.0	7802.0
210	219	91	98	20000.0	20000.0	20000.0	20000.0	20000.0	20000.0
211	255	92	123	5097.0	6856.0	5117.0	6528.0	3145.0	7799.0
211	256	92	124	5099.0	6902.0	5188.0	6544.0	3174.0	7808.0
211	257	92	125	5101.0	6908.0	5186.0	6597.0	3371.0	7821.0
211	290	92	132	5100.0	6905.0	5433.0	6589.0	3170.0	7819.0
211	283	92	131	5099.0	7749.0	5423.0	6533.0	3354.0	7804.0
211	258	92	126	5100.0	6902.0	5178.0	6597.0	3345.0	7819.0
211	370	92	155	5099.0	8268.0	5595.0	6637.0	3660.0	7839.0
212	257	93	125	5100.0	6896.0	5129.0	6533.0	3328.0	7805.0
213	290	94	132	5102.0	8264.0	5566.0	6595.0	3657.0	7836.0
213	257	94	125	5099.0	7745.0	5127.0	6530.0	3322.0	7801.0
213	219	94	98	20000.0	20000.0	20000.0	20000.0	20000.0	20000.0
214	290	95	132	5100.0	8258.0	5437.0	6592.0	3476.0	7817.0
214	220	95	99	20000.0	20000.0	20000.0	20000.0	20000.0	20000.0
217	221	96	100	20000.0	20000.0	20000.0	20000.0	20000.0	20000.0
217	222	96	101	20000.0	20000.0	20000.0	20000.0	20000.0	20000.0
219	290	98	132	5100.0	8193.0	5434.0	6540.0	3549.0	7813.0
219	223	98	102	20000.0	20000.0	20000.0	20000.0	20000.0	20000.0
219	253	98	121	5087.0	7716.0	5106.0	6495.0	3315.0	7781.0
219	295	98	137	5094.0	8262.0	5563.0	6566.0	3632.0	7813.0
219	302	98	142	5095.0	8273.0	5598.0	6608.0	3678.0	7819.0
219	294	98	136	5092.0	8251.0	5559.0	6532.0	3608.0	7808.0
220	225	99	103	20000.0	20000.0	20000.0	20000.0	20000.0	20000.0
221	226	100	104	20000.0	20000.0	20000.0	20000.0	20000.0	20000.0
222	227	101	105	20000.0	20000.0	20000.0	20000.0	20000.0	20000.0
222	253	101	121	5087.0	7717.0	5104.0	6467.0	3076.0	7774.0
223	302	102	142	5097.0	8274.0	5598.0	6627.0	3680.0	7819.0
223	294	102	136	5092.0	8254.0	5559.0	6600.0	3608.0	7791.0
223	297	102	139	5097.0	8268.0	5565.0	6606.0	3657.0	7817.0
223	228	102	106	20000.0	20000.0	20000.0	20000.0	20000.0	20000.0
225	229	103	107	20000.0	20000.0	20000.0	20000.0	20000.0	20000.0
226	230	104	108	20000.0	20000.0	20000.0	20000.0	20000.0	20000.0
227	251	105	119	5070.0	6820.0	4780.0	5939.0	3058.0	7763.0
227	302	105	142	5095.0	8272.0	5575.0	6610.0	3665.0	7815.0
227	231	105	109	20000.0	20000.0	20000.0	20000.0	20000.0	20000.0
227	366	105	151	5073.0	8273.0	5559.0	6634.0	3661.0	7816.0
227	253	105	121	5089.0	6852.0	5104.0	6498.0	3102.0	7774.0
228	234	106	110	20000.0	20000.0	20000.0	20000.0	20000.0	20000.0
229	236	107	111	20000.0	20000.0	20000.0	20000.0	20000.0	20000.0
230	251	108	119	20000.0	20000.0	20000.0	20000.0	20000.0	20000.0
230	249	108	117	20000.0	20000.0	20000.0	20000.0	20000.0	20000.0
230	241	108	114	20000.0	20000.0	20000.0	20000.0	20000.0	20000.0
231	251	109	119	20000.0	20000.0	20000.0	20000.0	20000.0	20000.0
231	366	109	151	5067.0	8277.0	5560.0	6636.0	3663.0	7821.0
241	251	114	119	20000.0	20000.0	20000.0	20000.0	20000.0	20000.0
250	389	118	171	5046.0	8295.0	5624.0	6641.0	3652.0	7891.0
250	367	118	152	5053.0	8278.0	5587.0	6635.0	3663.0	7826.0
250	388	118	170	5045.0	8285.0	5618.0	6639.0	3650.0	7866.0
251	367	119	152	5100.0	8278.0	5589.0	6638.0	3664.0	7840.0
251	366	119	151	5101.0	8278.0	5590.0	6640.0	3664.0	7840.0
251	389	119	171	5048.0	8297.0	5624.0	6642.0	3656.0	7892.0
251	354	119	149	5049.0	8272.0	5588.0	6629.0	3662.0	7818.0
252	366	120	151	5057.0	8278.0	5589.0	6642.0	3664.0	7839.0
252	367	120	152	5102.0	8279.0	5589.0	6642.0	3670.0	7842.0
252	369	120	154	5053.0	8276.0	5589.0	6635.0	3661.0	7838.0
252	384	120	167	5044.0	8282.0	5552.0	6636.0	3650.0	7836.0
252	389	120	171	5046.0	8295.0	5623.0	6641.0	3656.0	7892.0
253	366	121	151	5051.0	8277.0	5588.0	6641.0	3663.0	7830.0
253	367	121	152	5059.0	8279.0	5590.0	6641.0	3665.0	7842.0
253	368	121	153	5059.0	8279.0	5590.0	6640.0	3664.0	7840.0
253	369	121	154	5059.0	8277.0	5591.0	6638.0	3663.0	7839.0
253	295	121	137	5028.0	8257.0	5483.0	6593.0	3608.0	7782.0
253	302	121	142	5048.0	8267.0	5537.0	6596.0	3617.0	7788.0
253	294	121	136	5027.0	8258.0	5483.0	6596.0	3609.0	7680.0
254	369	122	154	5100.0	8278.0	5593.0	6640.0	3663.0	7840.0
254	371	122	156	5057.0	8274.0	5596.0	6636.0	3662.0	7840.0
254	384	122	167	5044.0	8281.0	5558.0	6636.0	3650.0	7839.0
255	368	123	153	5053.0	8276.0	5591.0	6640.0	3662.0	7838.0
255	369	123	154	5058.0	8278.0	5594.0	6640.0	3662.0	7840.0
255	370	123	155	5061.0	8279.0	5602.0	6641.0	3663.0	7841.0
255	371	123	156	5099.0	8279.0	5601.0	6639.0	3668.0	7842.0
256	371	124	156	5099.0	8284.0	5602.0	6641.0	3668.0	7844.0
256	372	124	157	5072.0	8278.0	5603.0	6640.0	3663.0	7844.0
256	373	124	158	5059.0	8274.0	5602.0	6636.0	3659.0	7842.0
257	371	125	156	5061.0	8280.0	5603.0	6640.0	3668.0	7845.0
257	372	125	157	5097.0	8284.0	5605.0	6641.0	3669.0	7848.0
257	373	125	158	5095.0	8285.0	5605.0	6640.0	3668.0	7847.0
258	371	126	156	5058.0	8267.0	5601.0	6640.0	3660.0	7844.0
258	372	126	157	5090.0	8280.0	5605.0	6640.0	3668.0	7848.0
258	375	126	160	5089.0	8285.0	5605.0	6638.0	3659.0	7848.0
258	283	126	131	20000.0	20000.0	20000.0	20000.0	20000.0	20000.0
258	370	126	155	5023.0	8260.0	5596.0	6638.0	3655.0	7839.0
258	378	126	163	5061.0	8283.0	5606.0	6638.0	3668.0	7844.0
258	377	126	162	5057.0	8269.0	5605.0	6639.0	3654.0	7845.0
259	372	127	157	5089.0	8275.0	5604.0	6640.0	3667.0	7846.0
259	264	127	129	20000.0	20000.0	20000.0	20000.0	20000.0	20000.0
259	374	127	159	5057.0	8275.0	5605.0	6638.0	3668.0	7844.0
259	375	127	160	5057.0	8267.0	5603.0	6635.0	3656.0	7842.0
259	377	127	162	5024.0	8267.0	5604.0	6636.0	3652.0	7841.0
264	374	129	159	5059.0	8284.0	5605.0	6638.0	3665.0	7846.0
283	292	131	134	20000.0	20000.0	20000.0	20000.0	20000.0	20000.0
283	370	131	155	4922.0	8255.0	5591.0	6625.0	3570.0	7838.0
290	370	132	155	4926.0	8261.0	5593.0	6630.0	3648.0	7839.0
290	294	132	136	20000.0	20000.0	20000.0	20000.0	20000.0	20000.0
290	295	132	137	20000.0	20000.0	20000.0	20000.0	20000.0	20000.0
291	295	133	137	20000.0	20000.0	20000.0	20000.0	20000.0	20000.0
291	368	133	153	4737.0	8254.0	5580.0	6619.0	3559.0	7837.0
291	370	133	155	4926.0	8266.0	5592.0	6628.0	3645.0	7839.0
292	370	134	155	4820.0	8267.0	5592.0	6628.0	3645.0	7839.0
292	368	134	153	4785.0	8257.0	5581.0	6620.0	3386.0	7838.0
293	297	135	139	20000.0	20000.0	20000.0	20000.0	20000.0	20000.0
294	302	136	142	20000.0	20000.0	20000.0	20000.0	20000.0	20000.0
295	368	137	153	4785.0	8104.0	5415.0	6618.0	3390.0	7833.0
295	342	137	143	20000.0	20000.0	20000.0	20000.0	20000.0	20000.0
302	366	142	151	20000.0	20000.0	20000.0	20000.0	20000.0	20000.0
302	354	142	149	20000.0	20000.0	20000.0	20000.0	20000.0	20000.0
342	366	143	151	20000.0	20000.0	20000.0	20000.0	20000.0	20000.0
342	368	143	153	20000.0	20000.0	20000.0	20000.0	20000.0	20000.0
342	354	143	149	20000.0	20000.0	20000.0	20000.0	20000.0	20000.0
367	389	152	171	4980.0	8291.0	5615.0	6628.0	3667.0	7806.0
367	384	152	167	4971.0	8186.0	5526.0	6539.0	3663.0	7801.0
367	388	152	170	4976.0	8291.0	5551.0	6544.0	3663.0	7806.0
369	378	154	163	20000.0	20000.0	20000.0	20000.0	20000.0	20000.0
369	384	154	167	4949.0	8184.0	5526.0	6456.0	20000.0	7801.0
369	389	154	171	4975.0	8215.0	5551.0	6602.0	3667.0	7803.0
369	383	154	166	3200.0	7688.0	5134.0	5908.0	20000.0	20000.0
369	388	154	170	4968.0	8216.0	5549.0	6540.0	3498.0	7803.0
370	378	155	163	20000.0	20000.0	20000.0	20000.0	20000.0	20000.0
370	377	155	162	20000.0	20000.0	20000.0	20000.0	20000.0	20000.0
371	377	156	162	20000.0	20000.0	20000.0	20000.0	20000.0	20000.0
371	378	156	163	20000.0	20000.0	20000.0	20000.0	20000.0	20000.0
371	376	156	161	20000.0	20000.0	20000.0	20000.0	20000.0	20000.0
371	381	156	164	20000.0	20000.0	20000.0	20000.0	20000.0	20000.0
371	384	156	167	20000.0	20000.0	20000.0	20000.0	20000.0	20000.0
372	377	157	162	20000.0	20000.0	20000.0	20000.0	20000.0	20000.0
372	381	157	164	20000.0	20000.0	20000.0	20000.0	20000.0	20000.0
372	376	157	161	20000.0	20000.0	20000.0	20000.0	20000.0	20000.0
376	382	161	165	20000.0	20000.0	20000.0	20000.0	20000.0	20000.0
378	384	163	167	20000.0	20000.0	20000.0	20000.0	20000.0	20000.0
381	385	164	168	20000.0	20000.0	20000.0	20000.0	20000.0	20000.0
382	387	165	169	20000.0	20000.0	20000.0	20000.0	20000.0	20000.0
383	388	166	170	20000.0	20000.0	20000.0	20000.0	20000.0	20000.0
384	389	167	171	20000.0	20000.0	20000.0	20000.0	20000.0	20000.0
385	390	168	172	20000.0	20000.0	20000.0	20000.0	20000.0	20000.0
48	54	22	28	20000.0	20000.0	20000.0	20000.0	20000.0	20000.0
48	177	22	66	5031.0	6722.0	4709.0	6170.0	3141.0	7552.0
49	209	23	90	5028.0	6883.0	4754.0	6417.0	3154.0	7594.0
49	53	23	27	20000.0	20000.0	20000.0	20000.0	20000.0	20000.0
54	256	28	124	5096.0	6897.0	5127.0	6533.0	3340.0	7804.0
54	177	28	66	5007.0	6721.0	4707.0	6156.0	3112.0	7473.0
54	119	28	42	4928.0	6666.0	4675.0	6041.0	2757.0	7492.0
56	61	30	35	20000.0	20000.0	20000.0	20000.0	20000.0	20000.0
57	372	31	157	5097.0	8267.0	5602.0	6640.0	3661.0	7847.0
58	63	32	37	20000.0	20000.0	20000.0	20000.0	20000.0	20000.0
61	142	35	57	4920.0	6687.0	4698.0	5698.0	20000.0	7540.0
136	167	53	58	20000.0	20000.0	20000.0	20000.0	20000.0	20000.0
169	203	60	84	5016.0	6868.0	4747.0	6411.0	3141.0	7545.0
170	206	61	87	5018.0	6866.0	4737.0	6411.0	3143.0	7532.0
173	191	64	76	4923.0	20000.0	4729.0	6409.0	3007.0	7464.0
173	194	64	79	4923.0	6747.0	4733.0	6409.0	3133.0	7501.0
188	193	73	78	20000.0	20000.0	20000.0	20000.0	20000.0	20000.0
192	226	77	104	5017.0	6867.0	5066.0	6482.0	3106.0	7666.0
192	236	77	111	5034.0	6867.0	5088.0	6483.0	3107.0	7674.0
204	251	85	119	5082.0	6897.0	5109.0	6530.0	3148.0	7795.0
208	253	89	121	5093.0	6894.0	5112.0	6527.0	3170.0	7799.0
209	214	90	95	20000.0	20000.0	20000.0	20000.0	20000.0	20000.0
210	214	91	95	20000.0	20000.0	20000.0	20000.0	20000.0	20000.0
211	368	92	153	5093.0	8266.0	5587.0	6632.0	3659.0	7834.0
212	256	93	124	5099.0	6903.0	5189.0	6538.0	3385.0	7809.0
212	283	93	131	5100.0	7774.0	5436.0	6593.0	3472.0	7832.0
212	290	93	132	5101.0	8268.0	5566.0	6594.0	3657.0	7834.0
214	291	95	133	5099.0	8038.0	5516.0	6590.0	3476.0	7818.0
219	368	98	153	5094.0	8269.0	5586.0	6628.0	3659.0	7833.0
222	228	101	106	20000.0	20000.0	20000.0	20000.0	20000.0	20000.0
225	230	103	108	20000.0	20000.0	20000.0	20000.0	20000.0	20000.0
231	249	109	117	20000.0	20000.0	20000.0	20000.0	20000.0	20000.0
231	241	109	114	20000.0	20000.0	20000.0	20000.0	20000.0	20000.0
253	342	121	143	5046.0	8267.0	5562.0	6599.0	3621.0	7790.0
254	368	122	153	5056.0	8278.0	5591.0	6641.0	3663.0	7840.0
259	371	127	156	5079.0	8279.0	5602.0	6641.0	3663.0	7845.0
290	368	132	153	4923.0	8248.0	5581.0	6619.0	3555.0	7836.0
293	302	135	142	20000.0	20000.0	20000.0	20000.0	20000.0	20000.0
342	367	143	152	20000.0	20000.0	20000.0	20000.0	20000.0	20000.0
373	381	158	164	20000.0	20000.0	20000.0	20000.0	20000.0	20000.0
377	383	162	166	20000.0	20000.0	20000.0	20000.0	20000.0	20000.0
383	389	166	171	20000.0	20000.0	20000.0	20000.0	20000.0	20000.0
43	196	17	81	4987.0	6860.0	4735.0	6409.0	3142.0	7479.0
43	193	17	78	4980.0	6856.0	4720.0	6405.0	3141.0	7460.0
43	194	17	79	4981.0	6856.0	4719.0	6407.0	3141.0	7459.0
43	195	17	80	4987.0	6868.0	4736.0	6408.0	3145.0	7479.0
44	203	18	84	5028.0	6870.0	4748.0	6412.0	3148.0	7590.0
44	390	18	172	5049.0	8282.0	20000.0	6646.0	3648.0	7890.0
44	194	18	79	4989.0	6857.0	4734.0	6408.0	3142.0	7460.0
46	194	20	79	4998.0	6846.0	4718.0	6408.0	3141.0	7458.0
46	55	20	29	20000.0	20000.0	20000.0	20000.0	20000.0	20000.0
46	385	20	168	5080.0	8284.0	5623.0	6643.0	3652.0	7859.0
46	190	20	75	5000.0	6847.0	4711.0	6325.0	3141.0	7462.0
47	194	21	79	4927.0	6838.0	4707.0	6383.0	3138.0	7453.0
47	177	21	66	5018.0	6720.0	4707.0	6118.0	3110.0	7546.0
47	190	21	75	4997.0	6841.0	4707.0	6321.0	3139.0	7455.0
48	173	22	64	5012.0	6721.0	4705.0	6117.0	3110.0	7549.0
48	207	22	88	5024.0	6876.0	4746.0	6415.0	3149.0	7566.0
49	213	23	94	5013.0	6876.0	4740.0	6411.0	3147.0	7560.0
49	226	23	104	5047.0	6882.0	4941.0	6411.0	3151.0	7615.0
50	54	24	28	20000.0	20000.0	20000.0	20000.0	20000.0	20000.0
52	254	26	122	5093.0	6894.0	5112.0	6525.0	3321.0	7796.0
55	134	29	51	4973.0	6717.0	4695.0	6106.0	3107.0	7550.0
56	256	30	124	5093.0	7317.0	5494.0	6526.0	3454.0	7797.0
56	381	30	164	5094.0	8284.0	5605.0	6640.0	3653.0	7846.0
58	134	32	51	4968.0	6715.0	4692.0	6094.0	3093.0	7540.0
58	135	32	52	4730.0	6716.0	4696.0	6097.0	2797.0	7541.0
58	136	32	53	4634.0	6717.0	4698.0	6097.0	2796.0	7543.0
58	171	32	62	4865.0	6688.0	4637.0	6110.0	2758.0	7552.0
59	137	33	54	4990.0	6715.0	4707.0	5765.0	20000.0	7547.0
61	387	35	169	5095.0	8275.0	20000.0	6645.0	3649.0	7863.0
63	137	37	54	4335.0	6717.0	4592.0	5699.0	20000.0	7540.0
135	194	52	79	5012.0	6767.0	4746.0	6410.0	2970.0	7529.0
136	172	53	63	20000.0	20000.0	20000.0	20000.0	20000.0	5588.0
140	382	56	165	5113.0	8284.0	5615.0	6647.0	3674.0	7859.0
172	194	63	79	4960.0	6768.0	4738.0	6410.0	3136.0	7510.0
172	176	63	65	20000.0	20000.0	20000.0	20000.0	20000.0	20000.0
173	190	64	75	4921.0	20000.0	4727.0	6409.0	2960.0	7457.0
173	177	64	66	20000.0	20000.0	20000.0	20000.0	20000.0	20000.0
176	190	65	75	4921.0	20000.0	4589.0	6409.0	2889.0	7456.0
176	188	65	73	20000.0	20000.0	20000.0	20000.0	20000.0	20000.0
176	194	65	79	4921.0	6744.0	4704.0	6407.0	3005.0	7501.0
176	226	65	104	5019.0	6876.0	5071.0	6480.0	3148.0	7718.0
177	190	66	75	4917.0	20000.0	4062.0	6372.0	2763.0	6821.0
177	188	66	73	20000.0	20000.0	20000.0	20000.0	20000.0	20000.0
177	226	66	104	5046.0	6883.0	5074.0	6482.0	3149.0	7667.0
190	226	75	104	5014.0	6866.0	5069.0	6478.0	3105.0	7666.0
190	195	75	80	20000.0	20000.0	20000.0	20000.0	20000.0	20000.0
190	229	75	107	5015.0	6864.0	5078.0	6474.0	3104.0	7669.0
190	236	75	111	5034.0	6865.0	5087.0	6479.0	3106.0	7674.0
191	236	76	111	5033.0	6865.0	5090.0	6482.0	3102.0	7673.0
191	234	76	110	5024.0	6865.0	5087.0	6481.0	3102.0	7672.0
195	205	80	86	20000.0	20000.0	20000.0	20000.0	20000.0	20000.0
203	389	84	171	5043.0	8284.0	5626.0	6643.0	3651.0	7868.0
207	366	88	151	5093.0	8277.0	5587.0	6638.0	3662.0	7827.0
208	371	89	156	5098.0	8274.0	5596.0	6636.0	3662.0	7840.0
211	371	92	156	5099.0	8278.0	5600.0	6638.0	3663.0	7842.0
220	226	99	104	20000.0	20000.0	20000.0	20000.0	20000.0	20000.0
221	227	100	105	20000.0	20000.0	20000.0	20000.0	20000.0	20000.0
222	302	101	142	5097.0	8275.0	5598.0	6610.0	3678.0	7820.0
222	366	101	151	5076.0	8274.0	5560.0	6627.0	3661.0	7819.0
226	231	104	109	20000.0	20000.0	20000.0	20000.0	20000.0	20000.0
252	388	120	170	5045.0	8285.0	5617.0	6640.0	3650.0	7866.0
254	370	122	155	5058.0	8277.0	5596.0	6639.0	3663.0	7840.0
256	381	124	164	5056.0	8287.0	5606.0	6639.0	3668.0	7843.0
257	283	125	131	20000.0	20000.0	20000.0	20000.0	20000.0	20000.0
257	370	125	155	5056.0	8267.0	5598.0	6639.0	3660.0	7840.0
292	369	134	154	4820.0	8267.0	5591.0	6628.0	3638.0	7840.0
292	297	134	139	20000.0	20000.0	20000.0	20000.0	20000.0	20000.0
376	383	161	166	20000.0	20000.0	20000.0	20000.0	20000.0	20000.0
382	388	165	170	20000.0	20000.0	20000.0	20000.0	20000.0	20000.0
33	38	12	16	20000.0	20000.0	20000.0	20000.0	20000.0	20000.0
34	168	13	59	5001.0	6703.0	4700.0	6112.0	2923.0	7500.0
37	138	15	55	4992.0	6703.0	4699.0	6110.0	2917.0	7500.0
37	142	15	57	5001.0	6703.0	4701.0	6111.0	2918.0	7500.0
43	136	17	53	4998.0	6708.0	4700.0	6111.0	2917.0	7502.0
43	138	17	55	5001.0	6709.0	4701.0	6112.0	2919.0	7503.0
46	52	20	26	20000.0	20000.0	20000.0	20000.0	20000.0	20000.0
47	176	21	65	5022.0	6721.0	4733.0	6118.0	3111.0	7551.0
47	251	21	119	5078.0	6892.0	5098.0	6501.0	3147.0	7794.0
48	176	22	65	5027.0	6722.0	4708.0	6122.0	3142.0	7551.0
49	222	23	101	5050.0	6885.0	4832.0	6412.0	3151.0	7614.0
49	207	23	88	4947.0	6876.0	4741.0	6414.0	3148.0	7494.0
50	176	24	65	5012.0	6720.0	4704.0	6116.0	3111.0	7549.0
53	210	27	91	5038.0	6887.0	4811.0	6416.0	3153.0	7663.0
53	58	27	32	20000.0	20000.0	20000.0	20000.0	20000.0	20000.0
55	60	29	34	20000.0	20000.0	20000.0	20000.0	20000.0	20000.0
57	170	31	61	4850.0	6682.0	4691.0	6097.0	2741.0	7540.0
57	206	31	87	5000.0	6881.0	4695.0	6472.0	3141.0	7727.0
61	137	35	54	4385.0	6712.0	4592.0	5699.0	20000.0	7539.0
63	140	37	56	4370.0	6690.0	4702.0	5699.0	20000.0	7542.0
63	135	37	52	4327.0	6685.0	4586.0	5696.0	20000.0	7402.0
119	132	42	50	20000.0	20000.0	20000.0	20000.0	20000.0	20000.0
119	134	42	51	20000.0	20000.0	20000.0	20000.0	20000.0	20000.0
134	190	51	75	5011.0	6778.0	4874.0	6413.0	2960.0	7528.0
136	194	53	79	5011.0	6770.0	4744.0	6410.0	3134.0	7528.0
140	169	56	60	20000.0	20000.0	20000.0	20000.0	20000.0	20000.0
173	230	64	108	5031.0	6870.0	5072.0	6481.0	3141.0	7669.0
173	195	64	80	4961.0	6866.0	4737.0	6410.0	3137.0	7513.0
177	230	66	108	5036.0	6873.0	5081.0	6482.0	3148.0	7670.0
177	207	66	88	5011.0	6873.0	4738.0	6412.0	3143.0	7552.0
177	221	66	100	5017.0	6877.0	4752.0	6410.0	3147.0	7719.0
188	192	73	77	20000.0	20000.0	20000.0	20000.0	20000.0	20000.0
191	230	76	108	5020.0	6868.0	5084.0	6484.0	3106.0	7673.0
192	241	77	114	5041.0	6875.0	5093.0	6483.0	3316.0	7679.0
192	198	77	82	20000.0	20000.0	20000.0	20000.0	20000.0	20000.0
195	251	80	119	5046.0	6890.0	5096.0	6519.0	3138.0	7735.0
206	250	87	118	5076.0	6896.0	5100.0	6500.0	3147.0	7796.0
207	256	88	124	5093.0	6893.0	5111.0	6525.0	3144.0	7793.0
208	213	89	94	20000.0	20000.0	20000.0	20000.0	20000.0	20000.0
211	295	92	137	5094.0	8036.0	5445.0	6590.0	3352.0	7814.0
214	283	95	131	5100.0	8036.0	5429.0	6536.0	3473.0	7815.0
254	381	122	164	5052.0	8284.0	5605.0	6635.0	3666.0	7842.0
254	378	122	163	5050.0	8279.0	5558.0	6632.0	3652.0	7839.0
254	385	122	168	5047.0	8290.0	5562.0	6641.0	3666.0	7858.0
254	389	122	171	5043.0	8283.0	5615.0	6639.0	3651.0	7852.0
255	295	123	137	4980.0	8053.0	5242.0	6593.0	3610.0	7671.0
256	283	124	131	20000.0	20000.0	20000.0	20000.0	20000.0	20000.0
258	290	126	132	20000.0	20000.0	20000.0	20000.0	20000.0	20000.0
258	291	126	133	20000.0	20000.0	20000.0	20000.0	20000.0	20000.0
258	292	126	134	20000.0	20000.0	20000.0	20000.0	20000.0	20000.0
258	295	126	137	20000.0	20000.0	20000.0	20000.0	20000.0	20000.0
259	373	127	158	5096.0	8285.0	5606.0	6640.0	3669.0	7846.0
283	294	131	136	20000.0	20000.0	20000.0	20000.0	20000.0	20000.0
295	302	137	142	20000.0	20000.0	20000.0	20000.0	20000.0	20000.0
369	377	154	162	20000.0	20000.0	20000.0	20000.0	20000.0	20000.0
369	381	154	164	20000.0	20000.0	20000.0	20000.0	20000.0	20000.0
375	382	160	165	20000.0	20000.0	20000.0	20000.0	20000.0	20000.0
37	168	15	59	5004.0	6705.0	4703.0	6114.0	2923.0	7507.0
38	198	16	82	4985.0	6858.0	4734.0	6410.0	3142.0	7478.0
38	202	16	83	5016.0	6869.0	4736.0	6410.0	3146.0	7535.0
43	192	17	77	4979.0	6855.0	4713.0	6400.0	3141.0	7459.0
57	384	31	167	5094.0	8269.0	5604.0	6642.0	3647.0	7849.0
57	377	31	162	5102.0	8284.0	5605.0	6643.0	3660.0	7856.0
60	140	34	56	4369.0	6687.0	4698.0	5700.0	20000.0	7541.0
142	168	57	59	20000.0	20000.0	20000.0	20000.0	20000.0	20000.0
173	226	64	104	5015.0	6871.0	5057.0	6479.0	3143.0	7716.0
176	191	65	76	4922.0	20000.0	4731.0	6409.0	2966.0	7458.0
198	241	82	114	5057.0	6913.0	5099.0	6523.0	3152.0	7794.0
208	226	89	104	4863.0	6762.0	5056.0	6359.0	3102.0	7512.0
213	220	94	99	20000.0	20000.0	20000.0	20000.0	20000.0	20000.0
214	294	95	136	5092.0	8249.0	5559.0	6532.0	3348.0	7813.0
225	234	103	110	20000.0	20000.0	20000.0	20000.0	20000.0	20000.0
228	236	106	111	20000.0	20000.0	20000.0	20000.0	20000.0	20000.0
250	354	118	149	5049.0	8273.0	5587.0	6629.0	3661.0	7801.0
250	366	118	151	5056.0	8278.0	5588.0	6638.0	3663.0	7826.0
252	368	120	153	5054.0	8278.0	5589.0	6638.0	3663.0	7839.0
252	383	120	166	5045.0	8282.0	5550.0	6635.0	3649.0	7835.0
294	342	136	143	20000.0	20000.0	20000.0	20000.0	20000.0	20000.0
370	384	155	167	20000.0	20000.0	2143.0	20000.0	20000.0	20000.0
377	384	162	167	20000.0	20000.0	20000.0	20000.0	20000.0	20000.0
38	250	16	118	5071.0	6895.0	5100.0	6524.0	3319.0	7794.0
45	191	19	76	4989.0	6841.0	4709.0	6383.0	3141.0	7453.0
49	173	23	64	4997.0	6719.0	4701.0	6115.0	3108.0	7534.0
49	176	23	65	5014.0	6721.0	4706.0	6117.0	3111.0	7549.0
50	173	24	64	4992.0	6719.0	4693.0	6114.0	3107.0	7539.0
58	381	32	164	5101.0	8280.0	5606.0	6642.0	3657.0	7853.0
132	194	50	79	5011.0	6766.0	4868.0	6409.0	3111.0	7528.0
168	204	59	85	5013.0	6867.0	4737.0	6410.0	3141.0	7547.0
171	202	62	83	5008.0	6865.0	4737.0	6416.0	3137.0	7509.0
208	221	89	100	20000.0	20000.0	20000.0	20000.0	20000.0	20000.0
211	292	92	134	5095.0	8034.0	5432.0	6575.0	3356.0	7814.0
219	291	98	133	5100.0	8194.0	5442.0	6589.0	3555.0	7814.0
223	229	102	107	20000.0	20000.0	20000.0	20000.0	20000.0	20000.0
227	252	105	120	5086.0	6852.0	5097.0	6497.0	3076.0	7774.0
228	302	106	142	5095.0	8272.0	5574.0	6610.0	3664.0	7815.0
241	249	114	117	20000.0	20000.0	20000.0	20000.0	20000.0	20000.0
252	370	120	155	5052.0	8273.0	5588.0	6634.0	3660.0	7838.0
252	371	120	156	5050.0	8269.0	5546.0	6632.0	3657.0	7837.0
258	373	126	158	5101.0	8286.0	5606.0	6641.0	3669.0	7852.0
295	370	137	155	4822.0	8265.0	5588.0	6625.0	3564.0	7836.0
368	388	153	170	4975.0	8293.0	5551.0	6545.0	3665.0	7804.0
378	385	163	168	20000.0	20000.0	20000.0	20000.0	20000.0	20000.0
37	198	15	82	4982.0	6859.0	4733.0	6409.0	3145.0	7477.0
43	170	17	61	5005.0	6710.0	4705.0	6120.0	2806.0	7507.0
43	168	17	59	5006.0	6707.0	4704.0	6127.0	2924.0	7507.0
45	241	19	114	5037.0	6891.0	5094.0	6479.0	3310.0	7737.0
46	61	20	35	4841.0	6697.0	4669.0	6076.0	2781.0	7535.0
47	171	21	62	5005.0	6718.0	4703.0	6116.0	2812.0	7529.0
47	172	21	63	5010.0	6719.0	4707.0	6118.0	2867.0	7542.0
51	176	25	65	5012.0	6720.0	4704.0	6120.0	3141.0	7553.0
52	176	26	65	4989.0	6719.0	4694.0	6116.0	3140.0	7474.0
52	373	26	158	5098.0	8266.0	5602.0	6637.0	3660.0	7846.0
55	135	29	52	4974.0	6717.0	4695.0	6107.0	3142.0	7549.0
56	374	30	159	5098.0	8290.0	5605.0	6641.0	3662.0	7852.0
59	135	33	52	4977.0	6714.0	4707.0	6109.0	2817.0	7543.0
59	119	33	42	20000.0	20000.0	20000.0	20000.0	20000.0	20000.0
119	136	42	53	3558.0	20000.0	3318.0	20000.0	20000.0	7409.0
177	191	66	76	4918.0	20000.0	4313.0	6372.0	2795.0	7426.0
181	191	70	76	20000.0	20000.0	20000.0	20000.0	20000.0	20000.0
181	226	70	104	5048.0	6886.0	5080.0	6488.0	3149.0	7727.0
181	229	70	107	5009.0	6873.0	5081.0	6480.0	3142.0	7765.0
181	188	70	73	20000.0	20000.0	20000.0	20000.0	20000.0	20000.0
191	196	76	81	20000.0	20000.0	20000.0	20000.0	20000.0	20000.0
205	241	86	114	5037.0	6894.0	5098.0	6480.0	3143.0	7738.0
205	227	86	105	5017.0	6860.0	5054.0	6483.0	3095.0	7668.0
212	264	93	129	5099.0	7747.0	5429.0	6532.0	3332.0	7806.0
227	342	105	143	5094.0	8271.0	5569.0	6609.0	3658.0	7815.0
231	342	109	143	5092.0	8272.0	5565.0	6607.0	3656.0	7792.0
251	388	119	170	5048.0	8297.0	5619.0	6641.0	3651.0	7869.0
251	342	119	143	5031.0	8266.0	5560.0	6597.0	3617.0	7785.0
252	385	120	168	5047.0	8291.0	5556.0	6641.0	3666.0	7859.0
254	377	122	162	5049.0	8273.0	5560.0	6633.0	3650.0	7839.0
255	290	123	132	20000.0	20000.0	20000.0	20000.0	20000.0	20000.0
255	292	123	134	20000.0	20000.0	20000.0	20000.0	20000.0	20000.0
256	377	124	162	5053.0	8269.0	5603.0	6635.0	3651.0	7840.0
258	369	126	154	5021.0	8256.0	5591.0	6637.0	3652.0	7838.0
366	388	151	170	4976.0	8285.0	5613.0	6569.0	3663.0	7806.0
384	390	167	172	20000.0	20000.0	20000.0	20000.0	20000.0	20000.0
38	194	16	79	4979.0	6856.0	4719.0	6408.0	3143.0	7585.0
43	205	17	86	5018.0	6866.0	4737.0	6410.0	3144.0	7540.0
43	249	17	117	5054.0	6895.0	5098.0	6487.0	3317.0	7741.0
45	193	19	78	4990.0	6847.0	4713.0	6402.0	3142.0	7458.0
46	226	20	104	5017.0	6866.0	5054.0	6476.0	3145.0	7612.0
51	177	25	66	5039.0	6865.0	4779.0	6407.0	3145.0	7607.0
51	55	25	29	20000.0	20000.0	20000.0	20000.0	20000.0	20000.0
51	56	25	30	20000.0	20000.0	20000.0	20000.0	20000.0	20000.0
51	373	25	158	5097.0	8265.0	5601.0	6635.0	3658.0	7844.0
53	208	27	89	5026.0	6881.0	4741.0	6413.0	3148.0	7564.0
54	226	28	104	5012.0	6882.0	4718.0	6477.0	3147.0	7765.0
54	171	28	62	4965.0	6682.0	4688.0	6107.0	3096.0	7542.0
55	177	29	66	5039.0	6718.0	4739.0	6165.0	3144.0	7552.0
57	62	31	36	20000.0	20000.0	20000.0	20000.0	20000.0	20000.0
59	376	33	161	5097.0	8287.0	5604.0	6641.0	3659.0	7853.0
61	390	35	172	5090.0	8265.0	20000.0	6645.0	3645.0	7861.0
134	193	51	78	5010.0	6767.0	4870.0	6409.0	3134.0	7532.0
169	194	60	79	5004.0	6862.0	4737.0	6409.0	3136.0	7502.0
170	194	61	79	5011.0	6862.0	4743.0	6410.0	3137.0	7510.0
171	193	62	78	4925.0	6859.0	4736.0	6409.0	3136.0	7501.0
173	193	64	78	4924.0	20000.0	4736.0	6409.0	3136.0	7502.0
204	390	85	172	5047.0	8294.0	20000.0	6646.0	3651.0	7891.0
210	255	91	123	5099.0	6897.0	5119.0	6529.0	3172.0	7799.0
214	221	95	100	20000.0	20000.0	20000.0	20000.0	20000.0	20000.0
222	254	101	122	5095.0	7724.0	5113.0	6523.0	3318.0	7783.0
255	283	123	131	20000.0	20000.0	20000.0	20000.0	20000.0	20000.0
256	370	124	155	5061.0	8278.0	5600.0	6641.0	3662.0	7840.0
257	374	125	159	5088.0	8288.0	5606.0	6640.0	3668.0	7853.0
283	368	131	153	4925.0	8250.0	5590.0	6618.0	3592.0	7839.0
354	366	149	151	20000.0	20000.0	20000.0	20000.0	20000.0	20000.0
33	142	12	57	5000.0	6701.0	4700.0	6110.0	2918.0	7497.0
33	169	12	60	5001.0	6703.0	4701.0	6112.0	2921.0	7497.0
37	43	15	17	20000.0	20000.0	20000.0	20000.0	20000.0	20000.0
38	43	16	17	20000.0	20000.0	20000.0	20000.0	20000.0	20000.0
43	167	17	58	5004.0	6705.0	4701.0	6115.0	2922.0	7504.0
43	390	17	172	5047.0	8283.0	20000.0	6647.0	3649.0	7890.0
45	170	19	61	5005.0	6712.0	4703.0	6116.0	2810.0	7509.0
47	229	21	107	5027.0	6869.0	5057.0	6477.0	3144.0	7669.0
55	132	29	50	4972.0	6716.0	4694.0	6104.0	3104.0	7550.0
55	137	29	54	4977.0	6689.0	4694.0	6105.0	2816.0	7548.0
59	172	33	63	4923.0	6693.0	4713.0	6166.0	2889.0	7552.0
61	384	35	167	5093.0	8276.0	5606.0	6645.0	3649.0	7854.0
119	137	42	54	4370.0	20000.0	3318.0	20000.0	20000.0	7411.0
132	137	50	54	20000.0	20000.0	20000.0	20000.0	20000.0	20000.0
134	170	51	61	20000.0	20000.0	2634.0	20000.0	20000.0	5581.0
171	190	62	75	4921.0	6806.0	4720.0	6409.0	3135.0	7492.0
171	195	62	80	4961.0	6869.0	4746.0	6410.0	3139.0	7537.0
172	190	63	75	4923.0	6769.0	4731.0	6410.0	3137.0	7495.0
188	229	73	107	5009.0	6869.0	5079.0	6479.0	3111.0	7667.0
188	236	73	111	5008.0	6866.0	5085.0	6480.0	3111.0	7672.0
193	202	78	83	20000.0	20000.0	20000.0	20000.0	20000.0	20000.0
198	246	82	116	5043.0	6904.0	5096.0	6487.0	3142.0	7738.0
203	241	84	114	5043.0	6904.0	5099.0	6483.0	3146.0	7739.0
211	291	92	133	5099.0	8037.0	5436.0	6588.0	3169.0	7818.0
221	225	100	103	20000.0	20000.0	20000.0	20000.0	20000.0	20000.0
222	226	101	104	20000.0	20000.0	20000.0	20000.0	20000.0	20000.0
223	227	102	105	20000.0	20000.0	20000.0	20000.0	20000.0	20000.0
34	196	13	81	4973.0	6839.0	4864.0	6402.0	3144.0	7581.0
44	384	18	167	5067.0	8281.0	5607.0	6644.0	3650.0	7852.0
45	384	19	167	5076.0	8281.0	5607.0	6643.0	3649.0	7854.0
46	191	20	76	5004.0	6846.0	4711.0	6385.0	3142.0	7461.0
50	208	24	89	4950.0	6877.0	4743.0	6415.0	3148.0	7495.0
50	210	24	91	5025.0	6881.0	4749.0	6416.0	3153.0	7565.0
52	381	26	164	5097.0	8283.0	5604.0	6638.0	3665.0	7844.0
57	378	31	163	5098.0	8267.0	5605.0	6641.0	3657.0	7850.0
60	378	34	163	5094.0	8266.0	5605.0	6641.0	3654.0	7849.0
61	378	35	163	5096.0	8266.0	5606.0	6643.0	3656.0	7853.0
140	390	56	172	5048.0	8275.0	20000.0	6647.0	3649.0	7887.0
140	385	56	168	5110.0	8281.0	5624.0	6648.0	3676.0	7863.0
168	203	59	84	5016.0	6867.0	4740.0	6411.0	3141.0	7544.0
169	198	60	82	5006.0	6860.0	4737.0	6411.0	3137.0	7509.0
188	194	73	79	20000.0	20000.0	20000.0	20000.0	20000.0	20000.0
191	205	76	86	20000.0	20000.0	20000.0	20000.0	20000.0	20000.0
194	198	79	82	20000.0	20000.0	20000.0	20000.0	20000.0	20000.0
195	202	80	83	20000.0	20000.0	20000.0	20000.0	20000.0	20000.0
198	202	82	83	20000.0	20000.0	20000.0	20000.0	20000.0	20000.0
203	390	84	172	5046.0	8284.0	20000.0	6645.0	3650.0	7890.0
203	384	84	167	5068.0	8295.0	5618.0	6647.0	3672.0	7858.0
204	384	85	167	5044.0	8281.0	5604.0	6643.0	3652.0	7846.0
205	384	86	167	5071.0	8282.0	5552.0	6641.0	3650.0	7846.0
205	231	86	109	5031.0	6869.0	5062.0	6485.0	3148.0	7674.0
206	381	87	164	5079.0	8281.0	5604.0	6637.0	3657.0	7842.0
208	373	89	158	5095.0	8267.0	5599.0	6635.0	3656.0	7841.0
208	381	89	164	5095.0	8283.0	5605.0	6637.0	3668.0	7843.0
210	295	91	137	5093.0	8262.0	5504.0	6595.0	3619.0	7813.0
213	217	94	96	20000.0	20000.0	20000.0	20000.0	20000.0	20000.0
214	219	95	98	20000.0	20000.0	20000.0	20000.0	20000.0	20000.0
220	302	99	142	5098.0	8275.0	5606.0	6636.0	3680.0	7833.0
236	241	111	114	20000.0	20000.0	20000.0	20000.0	20000.0	20000.0
246	354	116	149	5051.0	8274.0	5561.0	6632.0	3663.0	7797.0
250	384	118	167	5044.0	8282.0	5603.0	6638.0	3653.0	7809.0
252	381	120	164	5048.0	8282.0	5548.0	6633.0	3657.0	7838.0
253	292	121	134	4946.0	8251.0	4980.0	6588.0	3605.0	7668.0
253	381	121	164	5052.0	8284.0	5556.0	6635.0	3668.0	7841.0
255	381	123	164	5057.0	8286.0	5606.0	6639.0	3669.0	7844.0
256	378	124	163	5056.0	8283.0	5605.0	6635.0	3654.0	7841.0
259	376	127	161	5056.0	8267.0	5604.0	6634.0	3652.0	7841.0
370	381	155	164	20000.0	20000.0	20000.0	20000.0	20000.0	20000.0
372	378	157	163	20000.0	20000.0	20000.0	20000.0	20000.0	20000.0
373	378	158	163	20000.0	20000.0	20000.0	20000.0	20000.0	20000.0
378	382	163	165	20000.0	20000.0	20000.0	20000.0	20000.0	20000.0
378	383	163	166	20000.0	20000.0	20000.0	20000.0	20000.0	20000.0
382	390	165	172	20000.0	20000.0	20000.0	20000.0	20000.0	20000.0
45	207	19	88	5024.0	6873.0	4738.0	6412.0	3148.0	7539.0
49	225	23	103	5049.0	6885.0	4944.0	6411.0	3150.0	7614.0
137	167	54	58	20000.0	20000.0	20000.0	20000.0	20000.0	20000.0
192	234	77	110	5033.0	6868.0	5084.0	6482.0	3108.0	7673.0
209	342	90	143	5091.0	8266.0	5567.0	6600.0	3635.0	7815.0
211	219	92	98	20000.0	20000.0	20000.0	20000.0	20000.0	20000.0
223	231	102	109	20000.0	20000.0	20000.0	20000.0	20000.0	20000.0
226	251	104	119	5069.0	6815.0	5061.0	5935.0	3058.0	7759.0
230	246	108	116	20000.0	20000.0	20000.0	20000.0	20000.0	20000.0
230	250	108	118	20000.0	20000.0	20000.0	20000.0	20000.0	20000.0
253	384	121	167	5046.0	8282.0	5557.0	6638.0	3652.0	7840.0
381	387	164	169	20000.0	20000.0	20000.0	20000.0	20000.0	20000.0
37	140	15	56	5000.0	6703.0	4701.0	6111.0	2918.0	7500.0
58	140	32	56	4811.0	6687.0	4696.0	5987.0	20000.0	7541.0
132	188	50	73	5019.0	6794.0	4630.0	6412.0	2805.0	7543.0
207	302	88	142	5092.0	8268.0	5565.0	6598.0	3635.0	7800.0
209	221	90	100	20000.0	20000.0	20000.0	20000.0	20000.0	20000.0
222	295	101	137	5094.0	8262.0	5563.0	6600.0	3610.0	7812.0
231	246	109	116	20000.0	20000.0	20000.0	20000.0	20000.0	20000.0
249	366	117	151	5067.0	8278.0	5587.0	6638.0	3663.0	7825.0
251	302	119	142	5030.0	8266.0	5558.0	6595.0	3614.0	7783.0
252	302	120	142	5047.0	8268.0	5533.0	6598.0	3618.0	7786.0
258	368	126	153	5016.0	8252.0	5587.0	6626.0	3604.0	7835.0
264	291	129	133	20000.0	20000.0	20000.0	20000.0	20000.0	20000.0
302	368	142	153	20000.0	20000.0	5042.0	20000.0	3395.0	20000.0
302	367	142	152	20000.0	20000.0	20000.0	20000.0	20000.0	20000.0
354	388	149	170	5033.0	8284.0	5613.0	6566.0	3667.0	7802.0
371	383	156	166	20000.0	20000.0	20000.0	20000.0	20000.0	20000.0
45	196	19	81	4933.0	6859.0	4735.0	6410.0	3143.0	7477.0
132	191	50	76	5016.0	6778.0	4875.0	6411.0	3114.0	7579.0
193	236	78	111	5034.0	6870.0	5090.0	6484.0	3137.0	7675.0
206	230	87	108	5026.0	6865.0	5059.0	6405.0	3099.0	7670.0
219	297	98	139	5094.0	8267.0	5565.0	6603.0	3645.0	7817.0
229	241	107	114	20000.0	20000.0	20000.0	20000.0	20000.0	20000.0
292	342	134	143	20000.0	20000.0	20000.0	20000.0	20000.0	20000.0
34	38	13	16	20000.0	20000.0	20000.0	20000.0	20000.0	20000.0
46	254	20	122	5091.0	6894.0	5110.0	6524.0	3148.0	7795.0
52	56	26	30	20000.0	20000.0	20000.0	20000.0	20000.0	20000.0
54	135	28	52	4970.0	6719.0	4692.0	6104.0	3105.0	7542.0
60	383	34	166	5095.0	8292.0	5607.0	6644.0	3652.0	7856.0
60	377	34	162	5096.0	8285.0	5606.0	6643.0	3660.0	7853.0
63	138	37	55	4385.0	6721.0	4703.0	5701.0	20000.0	7542.0
135	173	52	64	4242.0	20000.0	4360.0	6102.0	20000.0	5589.0
209	227	90	105	4340.0	6763.0	4904.0	6354.0	3108.0	7345.0
209	257	90	125	5099.0	6896.0	5128.0	6533.0	3167.0	7802.0
211	254	92	122	5094.0	6854.0	5113.0	6526.0	3143.0	7797.0
219	225	98	103	20000.0	20000.0	20000.0	20000.0	20000.0	20000.0
370	383	155	166	20000.0	20000.0	20000.0	20000.0	20000.0	20000.0
44	58	18	32	4835.0	6676.0	4703.0	6052.0	2911.0	7544.0
46	256	20	124	5090.0	7313.0	5109.0	6522.0	3147.0	7791.0
47	222	21	101	5015.0	6871.0	5055.0	6407.0	3145.0	7556.0
50	212	24	93	5018.0	6879.0	4743.0	6412.0	3148.0	7562.0
50	257	24	125	5098.0	6894.0	5126.0	6531.0	3326.0	7797.0
51	212	25	93	5016.0	6879.0	4744.0	6412.0	3148.0	7561.0
52	212	26	93	5027.0	6883.0	4748.0	6413.0	3149.0	7564.0
134	191	51	76	5015.0	6791.0	4746.0	6410.0	2962.0	7542.0
194	205	79	86	20000.0	20000.0	20000.0	20000.0	20000.0	20000.0
204	252	85	120	5075.0	6894.0	5101.0	6526.0	3145.0	7793.0
205	226	86	104	5008.0	6856.0	5050.0	6393.0	3091.0	7662.0
221	228	100	106	20000.0	20000.0	20000.0	20000.0	20000.0	20000.0
223	366	102	151	5075.0	8273.0	5559.0	6633.0	3661.0	7819.0
223	253	102	121	5092.0	6849.0	5107.0	6501.0	3135.0	7782.0
295	366	137	151	4012.0	7747.0	4952.0	20000.0	3302.0	7794.0
367	387	152	169	5004.0	8283.0	5552.0	6575.0	3668.0	7806.0
383	387	166	169	20000.0	20000.0	20000.0	20000.0	20000.0	20000.0
383	390	166	172	20000.0	20000.0	20000.0	20000.0	20000.0	20000.0
384	388	167	170	20000.0	20000.0	20000.0	20000.0	20000.0	20000.0
385	389	168	171	20000.0	20000.0	20000.0	20000.0	20000.0	20000.0
34	203	13	84	4981.0	6844.0	4733.0	6406.0	3147.0	7476.0
43	173	17	64	4989.0	6708.0	4700.0	6113.0	3100.0	7495.0
45	385	19	168	5079.0	8284.0	5624.0	6644.0	3652.0	7860.0
48	172	22	63	4998.0	6718.0	4701.0	6115.0	3107.0	7506.0
50	55	24	29	20000.0	20000.0	20000.0	20000.0	20000.0	20000.0
59	373	33	158	5096.0	8267.0	5603.0	6639.0	3659.0	7847.0
177	222	66	101	5024.0	6885.0	4762.0	6412.0	3149.0	7666.0
177	227	66	105	5053.0	6890.0	5087.0	6493.0	3152.0	7675.0
204	241	85	114	5042.0	6896.0	5099.0	6482.0	3145.0	7740.0
207	223	88	102	4866.0	6762.0	4943.0	6405.0	3102.0	7618.0
207	342	88	143	5090.0	8267.0	5564.0	6599.0	3645.0	7798.0
209	223	90	102	20000.0	20000.0	20000.0	20000.0	20000.0	20000.0
210	283	91	131	5098.0	6850.0	5413.0	6529.0	3133.0	7796.0
283	295	131	137	20000.0	20000.0	20000.0	20000.0	20000.0	20000.0
292	367	134	152	4737.0	8032.0	5539.0	6613.0	3499.0	7827.0
