0.18 0.09 0.09 0.18 0.00 0.00
0.18 0.09 0.09 0.27 0.00 0.00
0.27 0.09 0.18 0.36 0.00 0.00
0.36 0.18 0.18 0.36 0.09 0.00
0.45 0.18 0.27 0.36 0.18 0.00
0.45 0.27 0.36 0.45 0.18 0.00
0.45 0.27 0.36 0.55 0.18 0.09
0.45 0.27 0.45 0.64 0.27 0.09
0.45 0.36 0.55 0.73 0.36 0.18
0.45 0.45 0.64 0.73 0.36 0.18
0.45 0.55 0.64 0.73 0.36 0.18
0.45 0.64 0.73 0.73 0.36 0.18
0.55 0.64 0.73 0.73 0.45 0.18
0.55 0.64 0.73 0.73 0.45 0.27
0.55 0.64 0.73 0.73 0.45 0.27
0.55 0.64 0.73 0.73 0.45 0.36
0.55 0.73 0.73 0.73 0.45 0.36
0.64 0.82 0.73 0.73 0.45 0.36
0.73 0.82 0.73 0.73 0.55 0.45
0.73 0.82 0.73 0.73 0.55 0.55
0.73 0.82 0.73 0.73 0.55 0.55
0.73 0.82 0.73 0.73 0.55 0.64
0.73 0.82 0.73 0.73 0.55 0.64
0.73 0.82 0.73 0.73 0.55 0.73
0.73 0.82 0.73 0.73 0.55 0.73
0.73 0.82 0.73 0.82 0.55 0.82
0.73 0.82 0.73 0.82 0.55 0.82
0.73 0.82 0.73 0.82 0.55 0.91
0.82 0.82 0.73 0.82 0.55 0.91
0.82 0.82 0.82 0.91 0.55 0.91
0.82 0.82 0.82 0.91 0.55 0.91
0.91 0.82 0.82 0.91 0.55 0.91
0.91 0.82 0.91 0.91 0.55 0.91
0.91 0.82 0.91 0.91 0.55 0.91
0.91 0.82 0.91 0.91 0.55 0.91
0.91 0.82 0.91 0.91 0.55 0.91
0.91 0.82 0.91 0.91 0.55 0.91
0.91 0.82 0.91 0.91 0.55 0.91
0.91 0.82 0.91 0.91 0.55 0.91
0.91 0.82 0.91 0.91 0.55 0.91
0.91 0.82 0.91 0.91 0.55 0.91
0.91 0.82 0.91 0.91 0.55 0.91
0.91 0.82 0.91 0.91 0.55 0.91
0.91 0.82 0.91 0.91 0.55 0.91
0.91 0.82 0.91 0.91 0.55 0.91
0.91 0.82 0.91 0.91 0.55 0.91
0.91 0.82 0.91 0.91 0.55 0.91
0.91 0.82 0.91 0.91 0.55 0.91
0.91 0.82 0.91 0.91 0.55 0.91
0.91 0.82 0.91 0.91 0.55 0.91
0.91 0.82 0.91 0.91 0.55 0.91
0.91 0.82 0.91 0.91 0.55 0.91
0.91 0.82 0.91 0.91 0.55 0.91
0.91 0.82 0.91 0.91 0.55 0.91
0.91 0.82 0.91 0.91 0.55 0.91
0.91 0.82 0.91 0.91 0.55 0.91
0.91 0.82 0.91 0.91 0.55 0.91
0.91 0.82 0.91 0.91 0.55 0.91
0.91 0.82 0.91 0.91 0.55 0.91
0.91 0.82 0.91 0.91 0.55 0.91
0.91 0.82 0.91 0.91 0.55 0.91
0.91 0.82 0.91 0.91 0.55 0.91
0.91 0.82 0.91 0.91 0.55 0.91
0.91 0.82 0.91 0.91 0.55 0.91
0.91 0.82 0.91 0.91 0.55 0.91
0.91 0.82 0.91 0.91 0.55 0.91
0.91 0.82 0.91 0.91 0.55 0.91
0.91 0.82 0.91 0.91 0.55 0.91
0.91 0.82 0.91 0.91 0.55 0.91
0.91 0.82 0.91 0.91 0.55 0.91
0.91 0.82 0.91 0.91 0.55 0.91
0.91 0.82 0.91 0.91 0.55 0.91
0.91 0.82 0.91 0.91 0.55 0.91
0.91 0.82 0.91 0.91 0.55 0.91
0.91 0.82 0.91 0.91 0.55 0.91
0.91 0.82 0.91 0.91 0.55 0.91
0.91 0.82 0.91 0.91 0.55 0.91
0.91 0.82 0.91 0.91 0.55 0.91
0.91 0.82 0.91 0.91 0.55 0.91
0.91 0.82 0.91 0.91 0.55 0.91
0.91 0.82 0.91 0.91 0.55 0.91
0.91 0.82 0.91 0.91 0.55 0.91
0.91 0.82 0.91 0.91 0.55 0.91
0.91 0.82 0.91 0.91 0.55 0.91
0.91 0.82 0.91 0.91 0.55 0.91
0.91 0.82 0.91 0.91 0.55 0.91
0.91 0.91 0.91 0.91 0.55 0.91
0.91 0.91 0.91 0.91 0.55 0.91
0.91 0.91 0.91 0.91 0.55 0.91
0.91 0.91 0.91 0.91 0.55 0.91
0.91 0.91 0.91 0.91 0.55 0.91
0.91 0.91 0.91 0.91 0.64 0.91
0.91 0.91 0.91 0.91 0.64 0.91
0.91 0.91 0.91 0.91 0.73 1.00
0.91 0.91 1.00 0.91 0.73 1.00
0.91 0.91 1.00 0.91 0.82 1.00
0.91 1.00 1.00 0.91 0.91 1.00
1.00 1.00 1.00 1.00 1.00 1.00
1.00 1.00 1.00 1.00 1.00 1.00
