0.00 0.00 0.00 0.00 0.00 0.00
0.00 0.00 0.00 0.00 0.00 0.00
0.00 0.00 0.00 0.00 0.00 0.00
0.00 0.00 0.00 0.00 0.00 0.00
0.00 0.00 0.00 0.00 0.00 0.00
0.00 0.00 0.00 0.00 0.00 0.00
0.00 0.00 0.00 0.00 0.00 0.00
0.07 0.00 0.00 0.00 0.00 0.00
0.14 0.00 0.00 0.00 0.00 0.00
0.14 0.00 0.00 0.00 0.00 0.00
0.14 0.00 0.00 0.00 0.00 0.00
0.14 0.00 0.00 0.00 0.00 0.00
0.14 0.00 0.00 0.00 0.00 0.00
0.21 0.00 0.00 0.00 0.00 0.00
0.28 0.00 0.00 0.00 0.00 0.00
0.28 0.00 0.00 0.00 0.00 0.00
0.28 0.00 0.00 0.00 0.00 0.00
0.28 0.00 0.00 0.00 0.00 0.00
0.28 0.00 0.00 0.00 0.00 0.00
0.28 0.00 0.00 0.00 0.00 0.00
0.28 0.00 0.00 0.00 0.00 0.00
0.28 0.00 0.00 0.00 0.00 0.00
0.28 0.00 0.00 0.00 0.00 0.00
0.28 0.00 0.00 0.00 0.00 0.00
0.28 0.00 0.00 0.00 0.00 0.00
0.28 0.00 0.00 0.00 0.00 0.00
0.28 0.00 0.00 0.00 0.00 0.00
0.28 0.00 0.00 0.00 0.00 0.00
0.28 0.00 0.00 0.00 0.00 0.00
0.28 0.00 0.00 0.00 0.00 0.00
0.28 0.00 0.00 0.00 0.00 0.00
0.28 0.00 0.00 0.00 0.00 0.00
0.28 0.00 0.00 0.00 0.00 0.00
0.28 0.00 0.00 0.00 0.00 0.00
0.28 0.00 0.00 0.00 0.00 0.00
0.28 0.00 0.00 0.00 0.00 0.00
0.28 0.00 0.00 0.00 0.00 0.00
0.28 0.00 0.00 0.00 0.00 0.00
0.28 0.00 0.00 0.00 0.00 0.00
0.28 0.00 0.00 0.00 0.00 0.00
0.28 0.00 0.00 0.00 0.00 0.00
0.28 0.00 0.00 0.00 0.00 0.00
0.28 0.00 0.00 0.00 0.00 0.00
0.28 0.00 0.00 0.00 0.00 0.00
0.28 0.00 0.00 0.00 0.00 0.00
0.28 0.00 0.00 0.00 0.00 0.00
0.28 0.00 0.00 0.00 0.00 0.00
0.28 0.00 0.00 0.00 0.00 0.00
0.28 0.00 0.00 0.00 0.00 0.00
0.28 0.00 0.00 0.00 0.00 0.00
0.28 0.00 0.00 0.00 0.00 0.00
0.28 0.00 0.00 0.00 0.00 0.00
0.28 0.00 0.00 0.00 0.00 0.00
0.28 0.00 0.00 0.00 0.00 0.00
0.28 0.00 0.00 0.00 0.07 0.00
0.28 0.00 0.00 0.00 0.14 0.00
0.28 0.00 0.00 0.07 0.14 0.00
0.28 0.07 0.00 0.14 0.14 0.00
0.28 0.14 0.00 0.14 0.14 0.07
0.36 0.14 0.00 0.14 0.14 0.07
0.43 0.14 0.00 0.14 0.14 0.07
0.43 0.21 0.07 0.14 0.21 0.07
0.50 0.21 0.14 0.14 0.21 0.07
0.57 0.21 0.14 0.14 0.21 0.14
0.64 0.21 0.14 0.14 0.21 0.14
0.71 0.21 0.14 0.14 0.21 0.14
0.71 0.28 0.14 0.14 0.21 0.14
0.71 0.36 0.14 0.14 0.21 0.14
0.71 0.36 0.14 0.21 0.21 0.14
0.71 0.43 0.21 0.28 0.21 0.14
0.71 0.50 0.28 0.28 0.28 0.21
0.78 0.50 0.28 0.36 0.28 0.28
0.78 0.57 0.36 0.43 0.36 0.36
0.78 0.57 0.43 0.43 0.36 0.43
0.78 0.57 0.50 0.43 0.43 0.50
0.78 0.57 0.57 0.43 0.43 0.57
0.78 0.57 0.64 0.43 0.43 0.57
0.78 0.57 0.71 0.50 0.50 0.64
0.78 0.57 0.71 0.57 0.50 0.71
0.78 0.64 0.78 0.64 0.57 0.78
0.78 0.71 0.78 0.71 0.57 0.78
0.85 0.71 0.85 0.78 0.57 0.85
0.85 0.78 0.85 0.78 0.57 0.92
0.85 0.78 0.92 0.85 0.64 0.99
0.85 0.85 0.92 0.85 0.64 0.99
0.85 0.85 0.99 0.92 0.71 0.99
0.85 0.85 0.99 0.99 0.78 0.99
0.85 0.92 0.99 0.99 0.85 0.99
0.85 0.92 0.99 0.99 0.92 0.99
0.85 0.92 0.99 0.99 0.99 0.99
0.85 0.92 0.99 0.99 0.99 0.99
0.92 0.92 0.99 0.99 0.99 0.99
0.92 0.92 0.99 0.99 0.99 0.99
0.92 0.99 0.99 0.99 0.99 0.99
0.92 0.99 0.99 0.99 0.99 0.99
0.99 0.99 0.99 0.99 0.99 0.99
0.99 0.99 0.99 0.99 0.99 0.99
0.99 0.99 0.99 0.99 0.99 0.99
0.99 0.99 0.99 0.99 0.99 0.99
